"tick","FlagC"
1.0,25
2.0,25
3.0,25
4.0,25
5.0,25
6.0,25
7.0,25
8.0,24
9.0,24
10.0,24
11.0,24
12.0,24
13.0,24
14.0,24
15.0,24
16.0,24
17.0,24
18.0,24
19.0,23
20.0,23
21.0,23
22.0,23
23.0,23
24.0,23
25.0,22
26.0,21
27.0,21
28.0,21
29.0,20
30.0,20
31.0,20
32.0,20
33.0,20
34.0,20
35.0,20
36.0,19
37.0,19
38.0,19
39.0,19
40.0,19
41.0,19
42.0,19
43.0,19
44.0,19
45.0,19
46.0,18
47.0,18
48.0,18
49.0,18
50.0,18
51.0,18
52.0,18
53.0,18
54.0,18
55.0,18
56.0,18
57.0,18
58.0,18
59.0,18
60.0,18
61.0,18
62.0,16
63.0,16
64.0,16
65.0,16
66.0,16
67.0,15
68.0,15
69.0,15
70.0,14
71.0,14
72.0,14
73.0,14
74.0,13
75.0,13
76.0,13
77.0,13
78.0,12
79.0,12
80.0,12
81.0,12
82.0,12
83.0,12
84.0,12
85.0,12
86.0,11
87.0,11
88.0,11
89.0,11
90.0,10
91.0,9
92.0,9
93.0,9
94.0,9
95.0,9
96.0,9
97.0,9
98.0,9
99.0,9
100.0,9
101.0,9
102.0,9
103.0,9
104.0,9
105.0,9
106.0,9
107.0,9
108.0,9
109.0,8
110.0,8
111.0,8
112.0,8
113.0,8
114.0,8
115.0,8
116.0,8
117.0,8
118.0,8
119.0,8
120.0,8
121.0,8
122.0,8
123.0,7
124.0,7
125.0,7
126.0,7
127.0,7
128.0,7
129.0,7
130.0,7
131.0,7
132.0,6
133.0,6
134.0,6
135.0,6
136.0,6
137.0,6
138.0,6
139.0,6
140.0,6
141.0,6
142.0,6
143.0,6
144.0,6
145.0,6
146.0,6
147.0,6
148.0,6
149.0,6
150.0,6
151.0,6
152.0,6
153.0,6
154.0,6
155.0,6
156.0,6
157.0,6
158.0,6
159.0,6
160.0,6
161.0,6
162.0,6
163.0,6
164.0,6
165.0,6
166.0,5
167.0,5
168.0,5
169.0,5
170.0,4
171.0,4
172.0,4
173.0,4
174.0,4
175.0,4
176.0,4
177.0,4
178.0,4
179.0,4
180.0,4
181.0,4
182.0,4
183.0,4
184.0,4
185.0,4
186.0,4
187.0,4
188.0,4
189.0,4
190.0,4
191.0,4
192.0,4
193.0,4
194.0,4
195.0,4
196.0,4
197.0,4
198.0,4
199.0,3
200.0,3
201.0,3
202.0,3
203.0,3
204.0,3
205.0,3
206.0,3
207.0,3
208.0,3
209.0,3
210.0,3
211.0,3
212.0,3
213.0,3
214.0,3
215.0,3
216.0,3
217.0,3
218.0,3
219.0,3
220.0,3
221.0,3
222.0,3
223.0,3
224.0,3
225.0,3
226.0,3
227.0,3
228.0,3
229.0,3
230.0,3
231.0,3
232.0,3
233.0,3
234.0,3
235.0,3
236.0,3
237.0,3
238.0,3
239.0,3
240.0,3
241.0,3
242.0,3
243.0,3
244.0,3
245.0,3
246.0,3
247.0,3
248.0,3
249.0,3
250.0,3
251.0,3
252.0,3
253.0,3
254.0,3
255.0,3
256.0,3
257.0,3
258.0,3
259.0,3
260.0,3
261.0,3
262.0,3
263.0,3
264.0,3
265.0,3
266.0,3
267.0,3
268.0,3
269.0,3
270.0,3
271.0,3
272.0,3
273.0,3
274.0,3
275.0,3
276.0,3
277.0,3
278.0,3
279.0,3
280.0,3
281.0,3
282.0,3
283.0,3
284.0,3
285.0,3
286.0,3
287.0,3
288.0,3
289.0,3
290.0,3
291.0,3
292.0,3
293.0,3
294.0,3
295.0,3
296.0,3
297.0,2
298.0,2
299.0,2
300.0,2
301.0,2
302.0,2
303.0,1
304.0,1
305.0,1
306.0,1
307.0,1
308.0,1
309.0,1
310.0,1
311.0,1
312.0,1
313.0,1
314.0,1
315.0,1
316.0,1
317.0,1
318.0,1
319.0,1
320.0,1
321.0,1
322.0,1
323.0,1
324.0,1
325.0,1
326.0,1
327.0,1
328.0,1
329.0,1
330.0,1
331.0,1
332.0,1
333.0,1
334.0,1
335.0,1
336.0,1
337.0,1
338.0,1
339.0,1
340.0,1
341.0,1
342.0,1
343.0,1
344.0,1
345.0,1
346.0,1
347.0,1
348.0,1
349.0,1
350.0,1
351.0,1
352.0,1
353.0,1
354.0,1
355.0,1
356.0,1
357.0,1
358.0,1
359.0,1
360.0,1
361.0,1
362.0,1
363.0,1
364.0,1
365.0,1
366.0,1
367.0,1
368.0,1
369.0,1
370.0,1
371.0,1
372.0,1
373.0,1
374.0,1
375.0,1
376.0,1
377.0,1
378.0,1
379.0,1
380.0,1
381.0,1
382.0,1
383.0,1
384.0,1
385.0,1
386.0,1
387.0,1
388.0,1
389.0,1
390.0,1
391.0,1
392.0,1
393.0,1
394.0,1
395.0,1
396.0,1
397.0,1
398.0,1
399.0,1
400.0,1
401.0,1
402.0,1
403.0,1
404.0,1
405.0,1
406.0,1
407.0,1
408.0,1
409.0,1
410.0,1
411.0,1
412.0,1
413.0,1
414.0,1
415.0,1
416.0,1
417.0,1
418.0,1
419.0,1
420.0,1
421.0,1
422.0,1
423.0,1
424.0,1
425.0,1
426.0,1
427.0,1
428.0,1
429.0,1
430.0,1
431.0,1
432.0,1
433.0,1
434.0,1
435.0,1
436.0,1
437.0,1
438.0,1
439.0,1
440.0,1
441.0,1
442.0,1
443.0,1
444.0,1
445.0,1
446.0,1
447.0,1
448.0,1
449.0,1
450.0,1
451.0,1
452.0,1
453.0,1
454.0,1
455.0,1
456.0,1
457.0,1
458.0,1
459.0,1
460.0,1
461.0,1
462.0,1
463.0,1
464.0,1
465.0,1
466.0,1
467.0,1
468.0,1
469.0,1
470.0,1
471.0,1
472.0,1
473.0,1
474.0,1
475.0,1
476.0,1
477.0,1
478.0,1
479.0,1
480.0,1
481.0,1
482.0,1
483.0,1
484.0,1
485.0,1
486.0,1
487.0,1
488.0,1
489.0,1
490.0,1
491.0,1
492.0,1
493.0,1
494.0,1
495.0,1
496.0,1
497.0,1
498.0,1
499.0,1
500.0,1
501.0,1
502.0,1
503.0,1
504.0,1
505.0,1
506.0,1
507.0,1
508.0,1
509.0,1
510.0,1
511.0,1
512.0,1
513.0,1
514.0,1
515.0,1
516.0,1
517.0,1
518.0,1
519.0,1
520.0,1
521.0,1
522.0,1
523.0,1
524.0,1
525.0,1
526.0,1
527.0,1
528.0,1
529.0,1
530.0,1
531.0,1
532.0,1
533.0,1
534.0,1
535.0,1
536.0,1
537.0,1
538.0,1
539.0,1
540.0,1
541.0,1
542.0,1
543.0,1
544.0,1
545.0,1
546.0,1
547.0,1
548.0,1
549.0,1
550.0,1
551.0,1
552.0,1
553.0,1
554.0,1
555.0,1
556.0,1
557.0,1
558.0,1
559.0,1
560.0,0
