"tick","FlagC"
1.0,25
2.0,24
3.0,24
4.0,23
5.0,22
6.0,21
7.0,21
8.0,20
9.0,20
10.0,20
11.0,20
12.0,19
13.0,18
14.0,18
15.0,18
16.0,18
17.0,18
18.0,18
19.0,18
20.0,18
21.0,18
22.0,18
23.0,18
24.0,18
25.0,18
26.0,18
27.0,18
28.0,18
29.0,18
30.0,18
31.0,18
32.0,18
33.0,18
34.0,17
35.0,17
36.0,17
37.0,16
38.0,16
39.0,16
40.0,16
41.0,15
42.0,15
43.0,15
44.0,15
45.0,15
46.0,15
47.0,15
48.0,15
49.0,15
50.0,15
51.0,15
52.0,15
53.0,15
54.0,15
55.0,15
56.0,13
57.0,13
58.0,12
59.0,12
60.0,12
61.0,11
62.0,10
63.0,10
64.0,10
65.0,10
66.0,10
67.0,10
68.0,10
69.0,10
70.0,9
71.0,9
72.0,9
73.0,9
74.0,9
75.0,9
76.0,9
77.0,9
78.0,9
79.0,9
80.0,9
81.0,9
82.0,9
83.0,9
84.0,9
85.0,9
86.0,9
87.0,9
88.0,9
89.0,9
90.0,9
91.0,9
92.0,9
93.0,9
94.0,9
95.0,9
96.0,9
97.0,9
98.0,9
99.0,9
100.0,9
101.0,9
102.0,9
103.0,9
104.0,9
105.0,9
106.0,9
107.0,9
108.0,9
109.0,9
110.0,9
111.0,9
112.0,9
113.0,9
114.0,9
115.0,9
116.0,9
117.0,9
118.0,9
119.0,9
120.0,9
121.0,8
122.0,8
123.0,8
124.0,8
125.0,8
126.0,8
127.0,8
128.0,8
129.0,8
130.0,8
131.0,8
132.0,8
133.0,8
134.0,8
135.0,7
136.0,7
137.0,7
138.0,7
139.0,7
140.0,7
141.0,7
142.0,7
143.0,6
144.0,6
145.0,6
146.0,6
147.0,6
148.0,6
149.0,6
150.0,6
151.0,6
152.0,6
153.0,6
154.0,6
155.0,6
156.0,6
157.0,6
158.0,6
159.0,6
160.0,6
161.0,6
162.0,6
163.0,6
164.0,6
165.0,6
166.0,6
167.0,6
168.0,6
169.0,6
170.0,6
171.0,6
172.0,6
173.0,6
174.0,5
175.0,5
176.0,5
177.0,5
178.0,5
179.0,5
180.0,5
181.0,5
182.0,5
183.0,5
184.0,5
185.0,5
186.0,5
187.0,5
188.0,4
189.0,4
190.0,4
191.0,4
192.0,4
193.0,4
194.0,4
195.0,4
196.0,4
197.0,4
198.0,4
199.0,4
200.0,4
201.0,4
202.0,4
203.0,4
204.0,4
205.0,4
206.0,4
207.0,4
208.0,4
209.0,4
210.0,4
211.0,4
212.0,4
213.0,4
214.0,4
215.0,4
216.0,4
217.0,3
218.0,3
219.0,3
220.0,3
221.0,3
222.0,3
223.0,3
224.0,3
225.0,3
226.0,2
227.0,2
228.0,2
229.0,2
230.0,2
231.0,2
232.0,2
233.0,2
234.0,2
235.0,2
236.0,2
237.0,2
238.0,2
239.0,2
240.0,2
241.0,2
242.0,2
243.0,2
244.0,2
245.0,2
246.0,2
247.0,2
248.0,2
249.0,2
250.0,2
251.0,2
252.0,2
253.0,2
254.0,2
255.0,2
256.0,2
257.0,2
258.0,2
259.0,2
260.0,2
261.0,2
262.0,2
263.0,2
264.0,2
265.0,2
266.0,2
267.0,2
268.0,2
269.0,2
270.0,2
271.0,2
272.0,2
273.0,2
274.0,2
275.0,2
276.0,2
277.0,2
278.0,2
279.0,2
280.0,2
281.0,2
282.0,2
283.0,2
284.0,2
285.0,2
286.0,2
287.0,2
288.0,2
289.0,2
290.0,2
291.0,2
292.0,2
293.0,2
294.0,2
295.0,2
296.0,2
297.0,2
298.0,2
299.0,2
300.0,2
301.0,2
302.0,2
303.0,2
304.0,2
305.0,2
306.0,2
307.0,2
308.0,2
309.0,2
310.0,2
311.0,2
312.0,2
313.0,2
314.0,2
315.0,2
316.0,2
317.0,2
318.0,2
319.0,2
320.0,2
321.0,2
322.0,2
323.0,2
324.0,2
325.0,2
326.0,2
327.0,2
328.0,2
329.0,2
330.0,2
331.0,2
332.0,2
333.0,2
334.0,2
335.0,2
336.0,2
337.0,2
338.0,2
339.0,2
340.0,2
341.0,2
342.0,2
343.0,2
344.0,2
345.0,2
346.0,2
347.0,2
348.0,2
349.0,2
350.0,2
351.0,2
352.0,2
353.0,2
354.0,2
355.0,2
356.0,2
357.0,2
358.0,2
359.0,2
360.0,2
361.0,2
362.0,2
363.0,2
364.0,2
365.0,2
366.0,2
367.0,2
368.0,2
369.0,2
370.0,2
371.0,2
372.0,2
373.0,2
374.0,2
375.0,2
376.0,2
377.0,2
378.0,2
379.0,1
380.0,1
381.0,1
382.0,1
383.0,1
384.0,1
385.0,1
386.0,1
387.0,1
388.0,1
389.0,1
390.0,1
391.0,1
392.0,1
393.0,1
394.0,1
395.0,1
396.0,1
397.0,1
398.0,1
399.0,1
400.0,1
401.0,1
402.0,1
403.0,1
404.0,1
405.0,1
406.0,1
407.0,1
408.0,1
409.0,1
410.0,1
411.0,1
412.0,1
413.0,1
414.0,1
415.0,1
416.0,1
417.0,1
418.0,1
419.0,1
420.0,1
421.0,1
422.0,1
423.0,1
424.0,1
425.0,1
426.0,1
427.0,1
428.0,1
429.0,1
430.0,1
431.0,1
432.0,1
433.0,1
434.0,1
435.0,1
436.0,1
437.0,1
438.0,1
439.0,1
440.0,1
441.0,1
442.0,1
443.0,1
444.0,1
445.0,1
446.0,1
447.0,1
448.0,1
449.0,1
450.0,1
451.0,1
452.0,1
453.0,1
454.0,1
455.0,1
456.0,1
457.0,1
458.0,1
459.0,1
460.0,1
461.0,1
462.0,1
463.0,1
464.0,1
465.0,1
466.0,1
467.0,1
468.0,1
469.0,1
470.0,1
471.0,1
472.0,1
473.0,1
474.0,1
475.0,1
476.0,1
477.0,1
478.0,1
479.0,1
480.0,1
481.0,1
482.0,1
483.0,1
484.0,1
485.0,1
486.0,1
487.0,1
488.0,1
489.0,1
490.0,1
491.0,1
492.0,1
493.0,1
494.0,1
495.0,1
496.0,1
497.0,1
498.0,1
499.0,1
500.0,1
501.0,1
502.0,1
503.0,1
504.0,1
505.0,1
506.0,1
507.0,1
508.0,1
509.0,1
510.0,1
511.0,1
512.0,1
513.0,1
514.0,1
515.0,1
516.0,1
517.0,1
518.0,1
519.0,1
520.0,1
521.0,1
522.0,1
523.0,1
524.0,1
525.0,1
526.0,1
527.0,1
528.0,1
529.0,1
530.0,1
531.0,1
532.0,1
533.0,1
534.0,1
535.0,1
536.0,1
537.0,1
538.0,1
539.0,1
540.0,1
541.0,1
542.0,1
543.0,1
544.0,1
545.0,1
546.0,1
547.0,1
548.0,1
549.0,1
550.0,0
