"tick","FlagC"
1.0,25
2.0,25
3.0,25
4.0,25
5.0,25
6.0,25
7.0,25
8.0,25
9.0,25
10.0,25
11.0,25
12.0,25
13.0,25
14.0,25
15.0,25
16.0,25
17.0,25
18.0,25
19.0,25
20.0,25
21.0,25
22.0,24
23.0,24
24.0,24
25.0,24
26.0,24
27.0,24
28.0,24
29.0,24
30.0,24
31.0,24
32.0,24
33.0,24
34.0,24
35.0,24
36.0,23
37.0,23
38.0,23
39.0,23
40.0,23
41.0,23
42.0,23
43.0,23
44.0,23
45.0,22
46.0,22
47.0,22
48.0,22
49.0,22
50.0,22
51.0,22
52.0,22
53.0,22
54.0,22
55.0,22
56.0,22
57.0,22
58.0,22
59.0,21
60.0,21
61.0,20
62.0,20
63.0,20
64.0,20
65.0,20
66.0,20
67.0,20
68.0,20
69.0,18
70.0,18
71.0,18
72.0,18
73.0,18
74.0,18
75.0,18
76.0,18
77.0,18
78.0,18
79.0,18
80.0,18
81.0,18
82.0,18
83.0,18
84.0,17
85.0,17
86.0,16
87.0,16
88.0,16
89.0,16
90.0,16
91.0,16
92.0,16
93.0,16
94.0,16
95.0,16
96.0,16
97.0,16
98.0,15
99.0,15
100.0,15
101.0,15
102.0,15
103.0,15
104.0,15
105.0,15
106.0,15
107.0,15
108.0,15
109.0,15
110.0,15
111.0,15
112.0,15
113.0,14
114.0,14
115.0,14
116.0,14
117.0,14
118.0,14
119.0,14
120.0,13
121.0,13
122.0,13
123.0,13
124.0,12
125.0,12
126.0,12
127.0,12
128.0,12
129.0,12
130.0,12
131.0,12
132.0,12
133.0,12
134.0,12
135.0,12
136.0,12
137.0,12
138.0,12
139.0,12
140.0,12
141.0,12
142.0,11
143.0,11
144.0,11
145.0,11
146.0,11
147.0,11
148.0,11
149.0,11
150.0,11
151.0,11
152.0,10
153.0,10
154.0,10
155.0,10
156.0,10
157.0,10
158.0,10
159.0,10
160.0,10
161.0,10
162.0,10
163.0,10
164.0,9
165.0,9
166.0,9
167.0,9
168.0,9
169.0,9
170.0,9
171.0,9
172.0,9
173.0,9
174.0,9
175.0,9
176.0,9
177.0,9
178.0,9
179.0,9
180.0,9
181.0,9
182.0,9
183.0,9
184.0,9
185.0,9
186.0,9
187.0,9
188.0,9
189.0,9
190.0,9
191.0,9
192.0,9
193.0,9
194.0,9
195.0,9
196.0,9
197.0,9
198.0,9
199.0,9
200.0,9
201.0,9
202.0,9
203.0,8
204.0,8
205.0,8
206.0,8
207.0,8
208.0,8
209.0,8
210.0,8
211.0,8
212.0,8
213.0,8
214.0,8
215.0,8
216.0,8
217.0,8
218.0,8
219.0,8
220.0,8
221.0,8
222.0,8
223.0,8
224.0,8
225.0,8
226.0,7
227.0,7
228.0,7
229.0,7
230.0,7
231.0,7
232.0,7
233.0,7
234.0,7
235.0,7
236.0,7
237.0,7
238.0,7
239.0,7
240.0,7
241.0,7
242.0,7
243.0,7
244.0,7
245.0,7
246.0,7
247.0,7
248.0,7
249.0,7
250.0,7
251.0,7
252.0,7
253.0,7
254.0,7
255.0,7
256.0,7
257.0,7
258.0,7
259.0,7
260.0,7
261.0,7
262.0,6
263.0,6
264.0,6
265.0,6
266.0,6
267.0,6
268.0,6
269.0,6
270.0,6
271.0,6
272.0,6
273.0,6
274.0,6
275.0,6
276.0,6
277.0,6
278.0,6
279.0,6
280.0,6
281.0,4
282.0,4
283.0,4
284.0,4
285.0,4
286.0,4
287.0,4
288.0,4
289.0,4
290.0,4
291.0,4
292.0,4
293.0,4
294.0,4
295.0,4
296.0,4
297.0,4
298.0,3
299.0,3
300.0,3
301.0,3
302.0,3
303.0,3
304.0,3
305.0,3
306.0,3
307.0,3
308.0,3
309.0,3
310.0,3
311.0,3
312.0,3
313.0,3
314.0,3
315.0,3
316.0,3
317.0,3
318.0,3
319.0,3
320.0,3
321.0,3
322.0,3
323.0,3
324.0,3
325.0,3
326.0,3
327.0,3
328.0,3
329.0,3
330.0,3
331.0,3
332.0,3
333.0,3
334.0,3
335.0,3
336.0,3
337.0,3
338.0,2
339.0,2
340.0,2
341.0,2
342.0,2
343.0,2
344.0,2
345.0,2
346.0,2
347.0,2
348.0,2
349.0,2
350.0,2
351.0,2
352.0,2
353.0,2
354.0,2
355.0,2
356.0,2
357.0,2
358.0,2
359.0,2
360.0,2
361.0,2
362.0,2
363.0,2
364.0,2
365.0,2
366.0,2
367.0,2
368.0,2
369.0,2
370.0,2
371.0,2
372.0,2
373.0,2
374.0,2
375.0,2
376.0,2
377.0,2
378.0,2
379.0,2
380.0,2
381.0,2
382.0,2
383.0,2
384.0,2
385.0,2
386.0,2
387.0,2
388.0,2
389.0,2
390.0,2
391.0,2
392.0,2
393.0,2
394.0,2
395.0,2
396.0,2
397.0,2
398.0,2
399.0,2
400.0,2
401.0,2
402.0,2
403.0,2
404.0,2
405.0,2
406.0,2
407.0,2
408.0,2
409.0,2
410.0,2
411.0,2
412.0,2
413.0,2
414.0,2
415.0,2
416.0,2
417.0,2
418.0,2
419.0,2
420.0,2
421.0,2
422.0,2
423.0,2
424.0,2
425.0,2
426.0,2
427.0,2
428.0,2
429.0,2
430.0,2
431.0,2
432.0,2
433.0,2
434.0,2
435.0,2
436.0,2
437.0,2
438.0,2
439.0,2
440.0,2
441.0,2
442.0,2
443.0,2
444.0,2
445.0,2
446.0,2
447.0,2
448.0,2
449.0,2
450.0,2
451.0,2
452.0,2
453.0,2
454.0,2
455.0,2
456.0,2
457.0,2
458.0,2
459.0,2
460.0,2
461.0,2
462.0,2
463.0,2
464.0,2
465.0,2
466.0,2
467.0,2
468.0,1
469.0,1
470.0,1
471.0,1
472.0,1
473.0,1
474.0,1
475.0,1
476.0,1
477.0,1
478.0,1
479.0,1
480.0,1
481.0,1
482.0,1
483.0,1
484.0,1
485.0,1
486.0,1
487.0,1
488.0,1
489.0,1
490.0,1
491.0,1
492.0,1
493.0,1
494.0,1
495.0,1
496.0,1
497.0,1
498.0,1
499.0,1
500.0,1
501.0,1
502.0,1
503.0,1
504.0,1
505.0,1
506.0,1
507.0,1
508.0,1
509.0,1
510.0,1
511.0,1
512.0,1
513.0,1
514.0,1
515.0,1
516.0,1
517.0,1
518.0,1
519.0,1
520.0,1
521.0,1
522.0,1
523.0,1
524.0,1
525.0,1
526.0,1
527.0,0
