"tick","FlagC"
1.0,25
2.0,25
3.0,25
4.0,25
5.0,25
6.0,25
7.0,25
8.0,25
9.0,25
10.0,25
11.0,24
12.0,23
13.0,23
14.0,23
15.0,23
16.0,23
17.0,23
18.0,23
19.0,22
20.0,22
21.0,22
22.0,22
23.0,22
24.0,22
25.0,22
26.0,22
27.0,22
28.0,22
29.0,22
30.0,22
31.0,22
32.0,21
33.0,20
34.0,20
35.0,20
36.0,20
37.0,20
38.0,20
39.0,20
40.0,20
41.0,20
42.0,20
43.0,20
44.0,20
45.0,20
46.0,19
47.0,18
48.0,18
49.0,16
50.0,16
51.0,16
52.0,16
53.0,16
54.0,16
55.0,16
56.0,16
57.0,16
58.0,16
59.0,16
60.0,16
61.0,16
62.0,16
63.0,16
64.0,15
65.0,15
66.0,15
67.0,15
68.0,15
69.0,15
70.0,15
71.0,15
72.0,14
73.0,14
74.0,14
75.0,14
76.0,14
77.0,14
78.0,14
79.0,14
80.0,14
81.0,13
82.0,12
83.0,12
84.0,12
85.0,12
86.0,12
87.0,12
88.0,12
89.0,12
90.0,11
91.0,11
92.0,11
93.0,11
94.0,11
95.0,11
96.0,11
97.0,11
98.0,11
99.0,11
100.0,11
101.0,11
102.0,11
103.0,11
104.0,11
105.0,10
106.0,10
107.0,10
108.0,10
109.0,10
110.0,10
111.0,10
112.0,10
113.0,10
114.0,10
115.0,10
116.0,10
117.0,10
118.0,10
119.0,10
120.0,10
121.0,10
122.0,10
123.0,10
124.0,10
125.0,9
126.0,9
127.0,9
128.0,9
129.0,8
130.0,7
131.0,7
132.0,7
133.0,7
134.0,7
135.0,7
136.0,7
137.0,6
138.0,6
139.0,6
140.0,6
141.0,6
142.0,6
143.0,6
144.0,6
145.0,6
146.0,6
147.0,6
148.0,6
149.0,6
150.0,5
151.0,5
152.0,5
153.0,5
154.0,5
155.0,5
156.0,5
157.0,5
158.0,5
159.0,5
160.0,5
161.0,5
162.0,5
163.0,5
164.0,5
165.0,5
166.0,5
167.0,5
168.0,5
169.0,5
170.0,5
171.0,5
172.0,5
173.0,5
174.0,5
175.0,5
176.0,5
177.0,5
178.0,5
179.0,5
180.0,5
181.0,5
182.0,5
183.0,5
184.0,5
185.0,5
186.0,5
187.0,5
188.0,5
189.0,5
190.0,5
191.0,5
192.0,5
193.0,5
194.0,5
195.0,5
196.0,5
197.0,5
198.0,5
199.0,5
200.0,5
201.0,5
202.0,5
203.0,5
204.0,5
205.0,5
206.0,5
207.0,5
208.0,5
209.0,5
210.0,5
211.0,5
212.0,5
213.0,5
214.0,5
215.0,5
216.0,5
217.0,5
218.0,5
219.0,5
220.0,5
221.0,5
222.0,5
223.0,5
224.0,5
225.0,5
226.0,5
227.0,5
228.0,5
229.0,5
230.0,5
231.0,4
232.0,4
233.0,4
234.0,4
235.0,4
236.0,4
237.0,4
238.0,4
239.0,4
240.0,4
241.0,4
242.0,4
243.0,4
244.0,4
245.0,4
246.0,4
247.0,4
248.0,4
249.0,4
250.0,4
251.0,4
252.0,4
253.0,4
254.0,4
255.0,4
256.0,4
257.0,4
258.0,4
259.0,4
260.0,4
261.0,4
262.0,4
263.0,4
264.0,4
265.0,4
266.0,4
267.0,4
268.0,4
269.0,4
270.0,4
271.0,4
272.0,4
273.0,4
274.0,4
275.0,4
276.0,4
277.0,4
278.0,4
279.0,4
280.0,4
281.0,4
282.0,4
283.0,4
284.0,4
285.0,4
286.0,4
287.0,4
288.0,4
289.0,4
290.0,4
291.0,4
292.0,4
293.0,4
294.0,4
295.0,4
296.0,4
297.0,4
298.0,4
299.0,4
300.0,3
301.0,3
302.0,3
303.0,3
304.0,3
305.0,3
306.0,3
307.0,3
308.0,3
309.0,3
310.0,3
311.0,3
312.0,3
313.0,3
314.0,3
315.0,3
316.0,3
317.0,3
318.0,3
319.0,3
320.0,3
321.0,3
322.0,3
323.0,3
324.0,3
325.0,3
326.0,3
327.0,3
328.0,3
329.0,3
330.0,3
331.0,3
332.0,3
333.0,3
334.0,3
335.0,3
336.0,3
337.0,3
338.0,3
339.0,3
340.0,3
341.0,3
342.0,3
343.0,3
344.0,3
345.0,3
346.0,3
347.0,3
348.0,3
349.0,3
350.0,3
351.0,3
352.0,3
353.0,3
354.0,3
355.0,3
356.0,2
357.0,2
358.0,2
359.0,2
360.0,2
361.0,2
362.0,2
363.0,2
364.0,2
365.0,2
366.0,2
367.0,2
368.0,2
369.0,2
370.0,2
371.0,2
372.0,2
373.0,2
374.0,2
375.0,2
376.0,2
377.0,2
378.0,2
379.0,2
380.0,2
381.0,2
382.0,2
383.0,2
384.0,2
385.0,2
386.0,1
387.0,1
388.0,1
389.0,1
390.0,1
391.0,1
392.0,1
393.0,1
394.0,1
395.0,1
396.0,1
397.0,1
398.0,1
399.0,1
400.0,1
401.0,1
402.0,1
403.0,1
404.0,1
405.0,1
406.0,1
407.0,1
408.0,1
409.0,1
410.0,1
411.0,1
412.0,1
413.0,1
414.0,1
415.0,1
416.0,1
417.0,1
418.0,1
419.0,1
420.0,1
421.0,1
422.0,1
423.0,1
424.0,1
425.0,1
426.0,1
427.0,1
428.0,1
429.0,1
430.0,1
431.0,1
432.0,1
433.0,1
434.0,1
435.0,1
436.0,1
437.0,1
438.0,1
439.0,1
440.0,1
441.0,1
442.0,1
443.0,1
444.0,1
445.0,1
446.0,1
447.0,1
448.0,1
449.0,1
450.0,1
451.0,1
452.0,1
453.0,1
454.0,1
455.0,1
456.0,1
457.0,1
458.0,1
459.0,1
460.0,1
461.0,1
462.0,1
463.0,1
464.0,1
465.0,1
466.0,1
467.0,1
468.0,1
469.0,1
470.0,1
471.0,1
472.0,1
473.0,1
474.0,1
475.0,1
476.0,1
477.0,1
478.0,1
479.0,1
480.0,1
481.0,1
482.0,1
483.0,1
484.0,1
485.0,1
486.0,1
487.0,1
488.0,1
489.0,1
490.0,1
491.0,1
492.0,1
493.0,1
494.0,1
495.0,1
496.0,1
497.0,1
498.0,1
499.0,1
500.0,1
501.0,1
502.0,1
503.0,1
504.0,1
505.0,1
506.0,1
507.0,1
508.0,1
509.0,1
510.0,1
511.0,1
512.0,1
513.0,1
514.0,1
515.0,1
516.0,1
517.0,1
518.0,1
519.0,1
520.0,1
521.0,1
522.0,1
523.0,1
524.0,1
525.0,1
526.0,1
527.0,1
528.0,1
529.0,1
530.0,1
531.0,1
532.0,1
533.0,1
534.0,1
535.0,1
536.0,1
537.0,1
538.0,1
539.0,1
540.0,1
541.0,1
542.0,1
543.0,1
544.0,1
545.0,1
546.0,1
547.0,1
548.0,1
549.0,1
550.0,1
551.0,1
552.0,1
553.0,1
554.0,1
555.0,1
556.0,1
557.0,1
558.0,1
559.0,1
560.0,1
561.0,1
562.0,1
563.0,1
564.0,1
565.0,1
566.0,1
567.0,1
568.0,1
569.0,1
570.0,1
571.0,1
572.0,1
573.0,1
574.0,1
575.0,1
576.0,1
577.0,1
578.0,1
579.0,1
580.0,1
581.0,1
582.0,1
583.0,1
584.0,1
585.0,1
586.0,1
587.0,1
588.0,1
589.0,1
590.0,1
591.0,1
592.0,1
593.0,1
594.0,1
595.0,1
596.0,1
597.0,1
598.0,1
599.0,1
600.0,1
601.0,1
602.0,1
603.0,1
604.0,1
605.0,1
606.0,1
607.0,1
608.0,1
609.0,1
610.0,1
611.0,1
612.0,1
613.0,1
614.0,1
615.0,1
616.0,1
617.0,1
618.0,1
619.0,1
620.0,1
621.0,1
622.0,1
623.0,1
624.0,1
625.0,1
626.0,1
627.0,1
628.0,1
629.0,1
630.0,1
631.0,1
632.0,1
633.0,1
634.0,1
635.0,1
636.0,1
637.0,1
638.0,1
639.0,1
640.0,1
641.0,1
642.0,1
643.0,1
644.0,0
