"tick","FlagC"
1.0,25
2.0,25
3.0,25
4.0,24
5.0,24
6.0,24
7.0,24
8.0,24
9.0,24
10.0,24
11.0,24
12.0,24
13.0,24
14.0,22
15.0,21
16.0,21
17.0,21
18.0,21
19.0,21
20.0,21
21.0,20
22.0,20
23.0,20
24.0,20
25.0,19
26.0,19
27.0,19
28.0,18
29.0,18
30.0,18
31.0,18
32.0,18
33.0,17
34.0,17
35.0,15
36.0,15
37.0,15
38.0,15
39.0,15
40.0,15
41.0,14
42.0,14
43.0,14
44.0,14
45.0,14
46.0,14
47.0,14
48.0,14
49.0,14
50.0,14
51.0,14
52.0,14
53.0,14
54.0,13
55.0,13
56.0,13
57.0,13
58.0,13
59.0,12
60.0,12
61.0,12
62.0,12
63.0,12
64.0,12
65.0,12
66.0,12
67.0,11
68.0,11
69.0,11
70.0,10
71.0,10
72.0,10
73.0,10
74.0,10
75.0,8
76.0,8
77.0,8
78.0,8
79.0,7
80.0,7
81.0,7
82.0,7
83.0,7
84.0,7
85.0,7
86.0,7
87.0,7
88.0,7
89.0,7
90.0,7
91.0,7
92.0,7
93.0,7
94.0,7
95.0,7
96.0,7
97.0,7
98.0,7
99.0,7
100.0,7
101.0,7
102.0,7
103.0,7
104.0,7
105.0,7
106.0,7
107.0,7
108.0,6
109.0,6
110.0,6
111.0,6
112.0,6
113.0,6
114.0,6
115.0,6
116.0,6
117.0,6
118.0,6
119.0,6
120.0,6
121.0,6
122.0,6
123.0,6
124.0,6
125.0,6
126.0,6
127.0,6
128.0,6
129.0,6
130.0,5
131.0,5
132.0,5
133.0,5
134.0,5
135.0,5
136.0,5
137.0,5
138.0,5
139.0,5
140.0,5
141.0,5
142.0,5
143.0,4
144.0,4
145.0,4
146.0,4
147.0,4
148.0,4
149.0,4
150.0,4
151.0,4
152.0,4
153.0,4
154.0,4
155.0,4
156.0,4
157.0,4
158.0,4
159.0,4
160.0,4
161.0,4
162.0,4
163.0,4
164.0,4
165.0,4
166.0,4
167.0,4
168.0,4
169.0,4
170.0,4
171.0,4
172.0,4
173.0,4
174.0,4
175.0,4
176.0,4
177.0,4
178.0,4
179.0,4
180.0,4
181.0,4
182.0,4
183.0,3
184.0,3
185.0,3
186.0,3
187.0,3
188.0,3
189.0,3
190.0,3
191.0,3
192.0,3
193.0,3
194.0,3
195.0,3
196.0,3
197.0,3
198.0,3
199.0,3
200.0,3
201.0,3
202.0,3
203.0,3
204.0,3
205.0,3
206.0,3
207.0,3
208.0,3
209.0,3
210.0,3
211.0,2
212.0,2
213.0,2
214.0,1
215.0,1
216.0,1
217.0,1
218.0,1
219.0,1
220.0,1
221.0,1
222.0,1
223.0,1
224.0,1
225.0,1
226.0,1
227.0,1
228.0,1
229.0,1
230.0,1
231.0,1
232.0,1
233.0,1
234.0,1
235.0,1
236.0,1
237.0,1
238.0,1
239.0,1
240.0,1
241.0,1
242.0,1
243.0,1
244.0,1
245.0,1
246.0,1
247.0,1
248.0,1
249.0,1
250.0,1
251.0,1
252.0,1
253.0,1
254.0,1
255.0,1
256.0,1
257.0,1
258.0,1
259.0,1
260.0,1
261.0,1
262.0,1
263.0,1
264.0,1
265.0,1
266.0,1
267.0,1
268.0,1
269.0,1
270.0,1
271.0,1
272.0,1
273.0,1
274.0,1
275.0,1
276.0,1
277.0,1
278.0,1
279.0,1
280.0,1
281.0,1
282.0,1
283.0,1
284.0,1
285.0,1
286.0,1
287.0,1
288.0,1
289.0,1
290.0,1
291.0,1
292.0,1
293.0,1
294.0,1
295.0,1
296.0,1
297.0,1
298.0,1
299.0,1
300.0,1
301.0,1
302.0,1
303.0,1
304.0,1
305.0,1
306.0,1
307.0,1
308.0,1
309.0,1
310.0,1
311.0,1
312.0,1
313.0,1
314.0,1
315.0,1
316.0,1
317.0,1
318.0,1
319.0,1
320.0,1
321.0,1
322.0,1
323.0,1
324.0,1
325.0,1
326.0,1
327.0,1
328.0,1
329.0,1
330.0,1
331.0,1
332.0,1
333.0,1
334.0,1
335.0,1
336.0,1
337.0,1
338.0,1
339.0,1
340.0,1
341.0,1
342.0,1
343.0,1
344.0,1
345.0,1
346.0,1
347.0,1
348.0,1
349.0,1
350.0,1
351.0,1
352.0,1
353.0,1
354.0,1
355.0,1
356.0,1
357.0,1
358.0,1
359.0,1
360.0,1
361.0,1
362.0,1
363.0,1
364.0,1
365.0,1
366.0,1
367.0,1
368.0,1
369.0,1
370.0,1
371.0,1
372.0,1
373.0,1
374.0,1
375.0,1
376.0,1
377.0,1
378.0,1
379.0,1
380.0,1
381.0,1
382.0,1
383.0,1
384.0,1
385.0,1
386.0,1
387.0,1
388.0,1
389.0,1
390.0,1
391.0,1
392.0,1
393.0,1
394.0,1
395.0,1
396.0,1
397.0,1
398.0,1
399.0,1
400.0,1
401.0,1
402.0,1
403.0,1
404.0,1
405.0,1
406.0,1
407.0,1
408.0,1
409.0,1
410.0,1
411.0,1
412.0,1
413.0,1
414.0,1
415.0,1
416.0,1
417.0,1
418.0,1
419.0,1
420.0,1
421.0,1
422.0,1
423.0,1
424.0,1
425.0,1
426.0,1
427.0,1
428.0,1
429.0,1
430.0,1
431.0,1
432.0,1
433.0,1
434.0,1
435.0,1
436.0,1
437.0,1
438.0,1
439.0,1
440.0,1
441.0,1
442.0,1
443.0,1
444.0,1
445.0,1
446.0,1
447.0,1
448.0,1
449.0,1
450.0,1
451.0,1
452.0,1
453.0,1
454.0,1
455.0,1
456.0,1
457.0,1
458.0,1
459.0,1
460.0,1
461.0,1
462.0,1
463.0,1
464.0,1
465.0,1
466.0,1
467.0,1
468.0,1
469.0,1
470.0,1
471.0,1
472.0,1
473.0,1
474.0,1
475.0,1
476.0,1
477.0,1
478.0,1
479.0,1
480.0,1
481.0,1
482.0,1
483.0,1
484.0,1
485.0,1
486.0,1
487.0,1
488.0,1
489.0,1
490.0,1
491.0,1
492.0,1
493.0,1
494.0,1
495.0,1
496.0,1
497.0,0
