"tick","FlagC"
1.0,25
2.0,25
3.0,25
4.0,25
5.0,23
6.0,22
7.0,22
8.0,22
9.0,22
10.0,22
11.0,22
12.0,22
13.0,22
14.0,22
15.0,22
16.0,22
17.0,21
18.0,21
19.0,21
20.0,21
21.0,21
22.0,21
23.0,21
24.0,21
25.0,20
26.0,20
27.0,20
28.0,19
29.0,19
30.0,19
31.0,19
32.0,19
33.0,19
34.0,19
35.0,19
36.0,18
37.0,18
38.0,18
39.0,18
40.0,18
41.0,18
42.0,18
43.0,18
44.0,18
45.0,18
46.0,18
47.0,18
48.0,18
49.0,18
50.0,18
51.0,18
52.0,18
53.0,18
54.0,18
55.0,18
56.0,17
57.0,17
58.0,17
59.0,17
60.0,17
61.0,17
62.0,17
63.0,16
64.0,16
65.0,16
66.0,16
67.0,16
68.0,16
69.0,16
70.0,16
71.0,16
72.0,16
73.0,16
74.0,16
75.0,16
76.0,16
77.0,16
78.0,16
79.0,16
80.0,15
81.0,15
82.0,15
83.0,15
84.0,15
85.0,15
86.0,15
87.0,15
88.0,15
89.0,15
90.0,15
91.0,15
92.0,14
93.0,14
94.0,14
95.0,14
96.0,14
97.0,14
98.0,14
99.0,14
100.0,14
101.0,14
102.0,14
103.0,14
104.0,14
105.0,14
106.0,14
107.0,14
108.0,14
109.0,14
110.0,14
111.0,14
112.0,14
113.0,14
114.0,13
115.0,13
116.0,13
117.0,13
118.0,13
119.0,13
120.0,13
121.0,12
122.0,12
123.0,12
124.0,12
125.0,12
126.0,12
127.0,12
128.0,11
129.0,11
130.0,10
131.0,10
132.0,10
133.0,10
134.0,10
135.0,10
136.0,10
137.0,10
138.0,10
139.0,10
140.0,9
141.0,9
142.0,9
143.0,9
144.0,9
145.0,9
146.0,9
147.0,9
148.0,9
149.0,9
150.0,9
151.0,9
152.0,9
153.0,9
154.0,9
155.0,9
156.0,9
157.0,9
158.0,9
159.0,9
160.0,9
161.0,9
162.0,9
163.0,9
164.0,9
165.0,9
166.0,9
167.0,9
168.0,9
169.0,9
170.0,9
171.0,9
172.0,9
173.0,9
174.0,9
175.0,8
176.0,8
177.0,8
178.0,7
179.0,6
180.0,6
181.0,6
182.0,6
183.0,6
184.0,6
185.0,6
186.0,6
187.0,6
188.0,6
189.0,6
190.0,6
191.0,6
192.0,6
193.0,6
194.0,6
195.0,6
196.0,6
197.0,6
198.0,6
199.0,6
200.0,6
201.0,6
202.0,6
203.0,6
204.0,6
205.0,6
206.0,6
207.0,6
208.0,6
209.0,6
210.0,6
211.0,6
212.0,6
213.0,6
214.0,5
215.0,5
216.0,5
217.0,5
218.0,5
219.0,5
220.0,5
221.0,5
222.0,5
223.0,5
224.0,5
225.0,5
226.0,5
227.0,5
228.0,5
229.0,5
230.0,5
231.0,5
232.0,5
233.0,5
234.0,5
235.0,5
236.0,5
237.0,5
238.0,5
239.0,5
240.0,5
241.0,5
242.0,5
243.0,5
244.0,5
245.0,5
246.0,5
247.0,5
248.0,5
249.0,5
250.0,5
251.0,5
252.0,5
253.0,4
254.0,4
255.0,4
256.0,4
257.0,4
258.0,4
259.0,4
260.0,4
261.0,4
262.0,4
263.0,4
264.0,4
265.0,4
266.0,4
267.0,4
268.0,4
269.0,3
270.0,3
271.0,3
272.0,3
273.0,3
274.0,3
275.0,3
276.0,3
277.0,3
278.0,3
279.0,3
280.0,3
281.0,3
282.0,3
283.0,3
284.0,3
285.0,3
286.0,3
287.0,3
288.0,3
289.0,3
290.0,3
291.0,3
292.0,3
293.0,3
294.0,3
295.0,3
296.0,3
297.0,3
298.0,3
299.0,3
300.0,3
301.0,3
302.0,3
303.0,3
304.0,3
305.0,3
306.0,3
307.0,3
308.0,3
309.0,3
310.0,3
311.0,3
312.0,3
313.0,3
314.0,3
315.0,3
316.0,3
317.0,3
318.0,3
319.0,3
320.0,3
321.0,3
322.0,3
323.0,3
324.0,3
325.0,3
326.0,3
327.0,3
328.0,3
329.0,3
330.0,3
331.0,3
332.0,2
333.0,2
334.0,2
335.0,2
336.0,2
337.0,2
338.0,2
339.0,2
340.0,2
341.0,2
342.0,2
343.0,2
344.0,2
345.0,2
346.0,2
347.0,2
348.0,2
349.0,2
350.0,2
351.0,2
352.0,2
353.0,2
354.0,2
355.0,1
356.0,1
357.0,1
358.0,1
359.0,1
360.0,1
361.0,1
362.0,1
363.0,1
364.0,1
365.0,1
366.0,1
367.0,1
368.0,1
369.0,1
370.0,1
371.0,1
372.0,1
373.0,1
374.0,1
375.0,1
376.0,1
377.0,1
378.0,1
379.0,1
380.0,1
381.0,1
382.0,1
383.0,1
384.0,1
385.0,1
386.0,1
387.0,1
388.0,1
389.0,1
390.0,1
391.0,1
392.0,1
393.0,1
394.0,1
395.0,1
396.0,1
397.0,1
398.0,1
399.0,1
400.0,1
401.0,1
402.0,1
403.0,1
404.0,1
405.0,1
406.0,1
407.0,1
408.0,1
409.0,1
410.0,1
411.0,1
412.0,1
413.0,1
414.0,1
415.0,1
416.0,1
417.0,1
418.0,1
419.0,1
420.0,1
421.0,1
422.0,1
423.0,1
424.0,1
425.0,1
426.0,1
427.0,1
428.0,1
429.0,1
430.0,1
431.0,1
432.0,1
433.0,1
434.0,1
435.0,1
436.0,1
437.0,1
438.0,1
439.0,1
440.0,1
441.0,1
442.0,1
443.0,1
444.0,1
445.0,1
446.0,1
447.0,1
448.0,1
449.0,1
450.0,1
451.0,1
452.0,1
453.0,1
454.0,1
455.0,1
456.0,1
457.0,1
458.0,1
459.0,1
460.0,1
461.0,1
462.0,1
463.0,1
464.0,1
465.0,1
466.0,1
467.0,1
468.0,1
469.0,1
470.0,1
471.0,1
472.0,1
473.0,1
474.0,1
475.0,1
476.0,1
477.0,1
478.0,1
479.0,1
480.0,1
481.0,1
482.0,1
483.0,1
484.0,1
485.0,1
486.0,1
487.0,1
488.0,1
489.0,0
