"tick","FlagC"
1.0,25
2.0,24
3.0,24
4.0,24
5.0,24
6.0,24
7.0,23
8.0,23
9.0,23
10.0,23
11.0,23
12.0,22
13.0,22
14.0,21
15.0,21
16.0,21
17.0,21
18.0,20
19.0,20
20.0,20
21.0,20
22.0,20
23.0,20
24.0,20
25.0,20
26.0,20
27.0,20
28.0,20
29.0,20
30.0,20
31.0,20
32.0,20
33.0,20
34.0,20
35.0,20
36.0,20
37.0,20
38.0,20
39.0,20
40.0,19
41.0,19
42.0,19
43.0,19
44.0,19
45.0,19
46.0,19
47.0,19
48.0,19
49.0,18
50.0,18
51.0,18
52.0,18
53.0,18
54.0,18
55.0,18
56.0,18
57.0,18
58.0,17
59.0,17
60.0,17
61.0,17
62.0,17
63.0,17
64.0,17
65.0,17
66.0,17
67.0,16
68.0,16
69.0,16
70.0,16
71.0,16
72.0,16
73.0,16
74.0,16
75.0,16
76.0,16
77.0,15
78.0,15
79.0,15
80.0,15
81.0,15
82.0,15
83.0,15
84.0,15
85.0,15
86.0,15
87.0,15
88.0,15
89.0,15
90.0,14
91.0,14
92.0,14
93.0,14
94.0,14
95.0,14
96.0,14
97.0,14
98.0,14
99.0,14
100.0,14
101.0,13
102.0,13
103.0,13
104.0,13
105.0,13
106.0,12
107.0,12
108.0,12
109.0,12
110.0,12
111.0,11
112.0,10
113.0,10
114.0,10
115.0,10
116.0,10
117.0,10
118.0,10
119.0,10
120.0,10
121.0,10
122.0,10
123.0,10
124.0,9
125.0,9
126.0,9
127.0,9
128.0,9
129.0,9
130.0,9
131.0,9
132.0,9
133.0,9
134.0,9
135.0,9
136.0,9
137.0,9
138.0,9
139.0,9
140.0,9
141.0,9
142.0,9
143.0,9
144.0,9
145.0,9
146.0,9
147.0,9
148.0,9
149.0,9
150.0,9
151.0,9
152.0,9
153.0,9
154.0,9
155.0,9
156.0,9
157.0,9
158.0,9
159.0,9
160.0,9
161.0,9
162.0,9
163.0,9
164.0,9
165.0,9
166.0,9
167.0,9
168.0,9
169.0,9
170.0,9
171.0,9
172.0,9
173.0,9
174.0,9
175.0,9
176.0,9
177.0,9
178.0,9
179.0,9
180.0,9
181.0,9
182.0,9
183.0,9
184.0,9
185.0,9
186.0,9
187.0,9
188.0,9
189.0,8
190.0,8
191.0,8
192.0,7
193.0,7
194.0,7
195.0,7
196.0,7
197.0,7
198.0,7
199.0,7
200.0,7
201.0,7
202.0,7
203.0,7
204.0,7
205.0,7
206.0,7
207.0,7
208.0,7
209.0,7
210.0,7
211.0,7
212.0,7
213.0,7
214.0,7
215.0,7
216.0,7
217.0,7
218.0,7
219.0,7
220.0,7
221.0,7
222.0,7
223.0,7
224.0,7
225.0,6
226.0,6
227.0,6
228.0,6
229.0,6
230.0,6
231.0,6
232.0,6
233.0,6
234.0,6
235.0,6
236.0,6
237.0,6
238.0,5
239.0,5
240.0,5
241.0,5
242.0,5
243.0,5
244.0,5
245.0,5
246.0,5
247.0,5
248.0,5
249.0,5
250.0,5
251.0,5
252.0,5
253.0,5
254.0,5
255.0,5
256.0,5
257.0,5
258.0,5
259.0,5
260.0,5
261.0,5
262.0,4
263.0,4
264.0,4
265.0,4
266.0,4
267.0,4
268.0,4
269.0,4
270.0,4
271.0,4
272.0,4
273.0,4
274.0,4
275.0,4
276.0,4
277.0,4
278.0,4
279.0,4
280.0,4
281.0,4
282.0,4
283.0,4
284.0,4
285.0,4
286.0,4
287.0,4
288.0,4
289.0,4
290.0,4
291.0,4
292.0,4
293.0,4
294.0,4
295.0,4
296.0,4
297.0,4
298.0,4
299.0,4
300.0,4
301.0,4
302.0,4
303.0,4
304.0,4
305.0,4
306.0,4
307.0,4
308.0,4
309.0,4
310.0,3
311.0,3
312.0,3
313.0,3
314.0,3
315.0,3
316.0,3
317.0,3
318.0,3
319.0,3
320.0,3
321.0,3
322.0,3
323.0,3
324.0,3
325.0,3
326.0,3
327.0,3
328.0,3
329.0,3
330.0,3
331.0,3
332.0,3
333.0,3
334.0,3
335.0,3
336.0,3
337.0,3
338.0,3
339.0,3
340.0,3
341.0,3
342.0,3
343.0,3
344.0,3
345.0,3
346.0,3
347.0,3
348.0,3
349.0,2
350.0,2
351.0,2
352.0,2
353.0,2
354.0,1
355.0,1
356.0,1
357.0,1
358.0,1
359.0,1
360.0,1
361.0,1
362.0,1
363.0,1
364.0,1
365.0,1
366.0,1
367.0,1
368.0,1
369.0,1
370.0,1
371.0,1
372.0,1
373.0,1
374.0,1
375.0,1
376.0,1
377.0,1
378.0,1
379.0,1
380.0,1
381.0,1
382.0,1
383.0,1
384.0,1
385.0,1
386.0,1
387.0,1
388.0,1
389.0,1
390.0,1
391.0,1
392.0,1
393.0,1
394.0,1
395.0,1
396.0,1
397.0,1
398.0,1
399.0,1
400.0,1
401.0,1
402.0,1
403.0,1
404.0,1
405.0,1
406.0,1
407.0,1
408.0,1
409.0,1
410.0,1
411.0,1
412.0,1
413.0,1
414.0,1
415.0,1
416.0,1
417.0,1
418.0,1
419.0,1
420.0,1
421.0,1
422.0,1
423.0,1
424.0,1
425.0,1
426.0,1
427.0,1
428.0,1
429.0,1
430.0,1
431.0,1
432.0,1
433.0,1
434.0,1
435.0,1
436.0,1
437.0,1
438.0,1
439.0,1
440.0,1
441.0,1
442.0,1
443.0,1
444.0,1
445.0,1
446.0,1
447.0,1
448.0,1
449.0,1
450.0,1
451.0,1
452.0,1
453.0,1
454.0,1
455.0,1
456.0,1
457.0,1
458.0,1
459.0,1
460.0,1
461.0,1
462.0,1
463.0,1
464.0,1
465.0,1
466.0,1
467.0,1
468.0,1
469.0,1
470.0,1
471.0,1
472.0,1
473.0,1
474.0,1
475.0,1
476.0,1
477.0,1
478.0,1
479.0,1
480.0,1
481.0,1
482.0,1
483.0,1
484.0,1
485.0,1
486.0,1
487.0,1
488.0,1
489.0,1
490.0,1
491.0,1
492.0,1
493.0,1
494.0,1
495.0,1
496.0,1
497.0,1
498.0,1
499.0,1
500.0,1
501.0,1
502.0,1
503.0,1
504.0,1
505.0,1
506.0,1
507.0,1
508.0,1
509.0,1
510.0,1
511.0,1
512.0,1
513.0,1
514.0,1
515.0,1
516.0,1
517.0,1
518.0,1
519.0,1
520.0,1
521.0,1
522.0,1
523.0,1
524.0,1
525.0,1
526.0,1
527.0,1
528.0,1
529.0,1
530.0,1
531.0,1
532.0,1
533.0,1
534.0,1
535.0,1
536.0,1
537.0,1
538.0,1
539.0,1
540.0,1
541.0,1
542.0,1
543.0,1
544.0,1
545.0,1
546.0,1
547.0,1
548.0,1
549.0,1
550.0,1
551.0,1
552.0,1
553.0,1
554.0,1
555.0,1
556.0,1
557.0,1
558.0,1
559.0,1
560.0,1
561.0,1
562.0,1
563.0,1
564.0,1
565.0,1
566.0,1
567.0,1
568.0,1
569.0,1
570.0,1
571.0,1
572.0,1
573.0,1
574.0,0
