"tick","FlagC"
1.0,25
2.0,25
3.0,25
4.0,24
5.0,24
6.0,24
7.0,24
8.0,24
9.0,24
10.0,24
11.0,24
12.0,23
13.0,23
14.0,23
15.0,23
16.0,23
17.0,23
18.0,22
19.0,22
20.0,20
21.0,20
22.0,20
23.0,20
24.0,20
25.0,20
26.0,20
27.0,20
28.0,20
29.0,20
30.0,19
31.0,19
32.0,18
33.0,18
34.0,18
35.0,18
36.0,18
37.0,17
38.0,17
39.0,16
40.0,16
41.0,15
42.0,15
43.0,15
44.0,15
45.0,14
46.0,13
47.0,13
48.0,13
49.0,13
50.0,13
51.0,13
52.0,13
53.0,13
54.0,13
55.0,13
56.0,13
57.0,13
58.0,13
59.0,13
60.0,13
61.0,12
62.0,12
63.0,12
64.0,12
65.0,12
66.0,12
67.0,12
68.0,12
69.0,12
70.0,11
71.0,11
72.0,11
73.0,11
74.0,11
75.0,11
76.0,11
77.0,10
78.0,9
79.0,8
80.0,8
81.0,8
82.0,7
83.0,7
84.0,7
85.0,7
86.0,7
87.0,7
88.0,7
89.0,7
90.0,7
91.0,7
92.0,7
93.0,7
94.0,7
95.0,7
96.0,7
97.0,7
98.0,7
99.0,7
100.0,7
101.0,7
102.0,6
103.0,5
104.0,5
105.0,5
106.0,5
107.0,5
108.0,5
109.0,5
110.0,5
111.0,5
112.0,5
113.0,5
114.0,5
115.0,5
116.0,5
117.0,5
118.0,5
119.0,5
120.0,5
121.0,4
122.0,4
123.0,4
124.0,4
125.0,4
126.0,4
127.0,4
128.0,4
129.0,4
130.0,4
131.0,4
132.0,4
133.0,4
134.0,4
135.0,4
136.0,4
137.0,4
138.0,4
139.0,4
140.0,4
141.0,4
142.0,4
143.0,4
144.0,4
145.0,4
146.0,4
147.0,4
148.0,4
149.0,4
150.0,4
151.0,4
152.0,4
153.0,4
154.0,4
155.0,4
156.0,4
157.0,4
158.0,4
159.0,4
160.0,4
161.0,4
162.0,4
163.0,4
164.0,4
165.0,4
166.0,4
167.0,4
168.0,4
169.0,4
170.0,4
171.0,4
172.0,4
173.0,4
174.0,4
175.0,4
176.0,4
177.0,4
178.0,4
179.0,4
180.0,4
181.0,3
182.0,3
183.0,3
184.0,3
185.0,3
186.0,3
187.0,3
188.0,3
189.0,3
190.0,3
191.0,3
192.0,3
193.0,3
194.0,3
195.0,3
196.0,3
197.0,3
198.0,3
199.0,3
200.0,3
201.0,3
202.0,3
203.0,3
204.0,3
205.0,3
206.0,3
207.0,3
208.0,3
209.0,3
210.0,3
211.0,3
212.0,3
213.0,3
214.0,3
215.0,3
216.0,3
217.0,3
218.0,3
219.0,3
220.0,3
221.0,3
222.0,3
223.0,3
224.0,3
225.0,3
226.0,3
227.0,3
228.0,3
229.0,3
230.0,3
231.0,3
232.0,3
233.0,3
234.0,3
235.0,3
236.0,3
237.0,3
238.0,3
239.0,3
240.0,3
241.0,3
242.0,3
243.0,3
244.0,3
245.0,3
246.0,3
247.0,3
248.0,3
249.0,3
250.0,3
251.0,3
252.0,3
253.0,3
254.0,3
255.0,3
256.0,3
257.0,3
258.0,3
259.0,3
260.0,3
261.0,3
262.0,3
263.0,3
264.0,3
265.0,3
266.0,3
267.0,3
268.0,3
269.0,3
270.0,3
271.0,3
272.0,2
273.0,2
274.0,2
275.0,2
276.0,2
277.0,2
278.0,2
279.0,2
280.0,2
281.0,2
282.0,2
283.0,2
284.0,2
285.0,2
286.0,2
287.0,2
288.0,2
289.0,1
290.0,1
291.0,1
292.0,1
293.0,1
294.0,1
295.0,1
296.0,1
297.0,1
298.0,1
299.0,1
300.0,1
301.0,1
302.0,1
303.0,1
304.0,1
305.0,1
306.0,1
307.0,1
308.0,1
309.0,1
310.0,1
311.0,1
312.0,1
313.0,1
314.0,1
315.0,1
316.0,1
317.0,1
318.0,1
319.0,1
320.0,1
321.0,1
322.0,1
323.0,1
324.0,1
325.0,1
326.0,1
327.0,1
328.0,1
329.0,1
330.0,1
331.0,1
332.0,1
333.0,1
334.0,1
335.0,1
336.0,1
337.0,1
338.0,1
339.0,1
340.0,1
341.0,1
342.0,1
343.0,1
344.0,1
345.0,1
346.0,1
347.0,1
348.0,1
349.0,1
350.0,1
351.0,1
352.0,1
353.0,1
354.0,1
355.0,1
356.0,1
357.0,1
358.0,1
359.0,1
360.0,1
361.0,1
362.0,1
363.0,1
364.0,1
365.0,1
366.0,1
367.0,1
368.0,1
369.0,1
370.0,1
371.0,1
372.0,1
373.0,1
374.0,1
375.0,1
376.0,1
377.0,1
378.0,1
379.0,1
380.0,1
381.0,1
382.0,1
383.0,1
384.0,1
385.0,1
386.0,1
387.0,1
388.0,1
389.0,1
390.0,1
391.0,1
392.0,1
393.0,1
394.0,1
395.0,1
396.0,1
397.0,1
398.0,1
399.0,1
400.0,1
401.0,1
402.0,1
403.0,1
404.0,1
405.0,1
406.0,1
407.0,1
408.0,1
409.0,1
410.0,1
411.0,1
412.0,1
413.0,1
414.0,1
415.0,1
416.0,1
417.0,1
418.0,1
419.0,1
420.0,1
421.0,1
422.0,1
423.0,1
424.0,1
425.0,1
426.0,1
427.0,1
428.0,1
429.0,1
430.0,1
431.0,1
432.0,1
433.0,1
434.0,1
435.0,1
436.0,1
437.0,1
438.0,1
439.0,1
440.0,1
441.0,1
442.0,1
443.0,1
444.0,1
445.0,1
446.0,1
447.0,1
448.0,1
449.0,1
450.0,1
451.0,1
452.0,1
453.0,1
454.0,1
455.0,1
456.0,1
457.0,1
458.0,1
459.0,1
460.0,1
461.0,1
462.0,1
463.0,1
464.0,1
465.0,1
466.0,1
467.0,1
468.0,1
469.0,1
470.0,1
471.0,1
472.0,1
473.0,1
474.0,0
