"run","randomSeed","shapeType","gridSize","noise","sharingType","edgeOfComm"
1,-12445564,0,50,0,0,5
3,-12445204,0,50,0,0,13
5,-12445072,0,50,0,1,9
7,-12444496,0,50,0,2,5
9,-12443289,0,50,0,2,13
11,-12442566,0,50,0,3,9
13,-12442222,0,50,10,0,5
15,-12442107,0,50,10,0,13
17,-12442040,0,50,10,1,9
19,-12439732,0,50,10,2,5
21,-12438168,0,50,10,2,13
23,-12436853,0,50,10,3,9
25,-12435632,0,50,20,0,5
27,-12435539,0,50,20,0,13
29,-12435431,0,50,20,1,9
31,-12433141,0,50,20,2,5
33,-12430118,0,50,20,2,13
35,-12426407,0,50,20,3,9
37,-12420925,0,50,30,0,5
39,-12420803,0,50,30,0,13
41,-12420712,0,50,30,1,9
43,-12416297,0,50,30,2,5
45,-12414498,0,50,30,2,13
47,-12411250,0,50,30,3,9
49,-12406475,0,50,40,0,5
51,-12406384,0,50,40,0,13
53,-12406268,0,50,40,1,9
55,-12401665,0,50,40,2,5
57,-12397149,0,50,40,2,13
59,-12388996,0,50,40,3,9
61,-12385897,0,50,50,0,5
63,-12385788,0,50,50,0,13
65,-12385710,0,50,50,1,9
67,-12379779,0,50,50,2,5
69,-12375487,0,50,50,2,13
71,-12368688,0,50,50,3,9
73,-12362216,1,50,0,0,5
75,-12361781,1,50,0,0,13
77,-12361522,1,50,0,1,9
79,-12358525,1,50,0,2,5
81,-12354828,1,50,0,2,13
83,-12350607,1,50,0,3,9
85,-12348290,1,50,10,0,5
87,-12347912,1,50,10,0,13
89,-12347679,1,50,10,1,9
91,-12333930,1,50,10,2,5
93,-12324924,1,50,10,2,13
95,-12314721,1,50,10,3,9
97,-12301359,1,50,20,0,5
99,-12300930,1,50,20,0,13
101,-12300617,1,50,20,1,9
103,-12289193,1,50,20,2,5
105,-12275557,1,50,20,2,13
107,-12259749,1,50,20,3,9
109,-12244555,1,50,30,0,5
111,-12244131,1,50,30,0,13
113,-12243878,1,50,30,1,9
115,-12224640,1,50,30,2,5
117,-12199851,1,50,30,2,13
119,-12185916,1,50,30,3,9
121,-12166412,1,50,40,0,5
123,-12165996,1,50,40,0,13
125,-12165738,1,50,40,1,9
127,-12143367,1,50,40,2,5
129,-12112599,1,50,40,2,13
131,-12082951,1,50,40,3,9
133,-12056841,1,50,50,0,5
135,-12056473,1,50,50,0,13
137,-12056259,1,50,50,1,9
139,-12021959,1,50,50,2,5
141,-11983008,1,50,50,2,13
143,-11946574,1,50,50,3,9
145,-11908044,2,50,0,0,5
147,-11907724,2,50,0,0,13
149,-11907509,2,50,0,1,9
151,-11905551,2,50,0,2,5
153,-11903593,2,50,0,2,13
155,-11901681,2,50,0,3,9
157,-11898085,2,50,10,0,5
159,-11897780,2,50,10,0,13
161,-11897597,2,50,10,1,9
163,-11888621,2,50,10,2,5
165,-11882456,2,50,10,2,13
167,-11875235,2,50,10,3,9
169,-11871769,2,50,20,0,5
171,-11871527,2,50,20,0,13
173,-11871324,2,50,20,1,9
175,-11863972,2,50,20,2,5
177,-11849303,2,50,20,2,13
179,-11835674,2,50,20,3,9
181,-11824633,2,50,30,0,5
183,-11824304,2,50,30,0,13
185,-11824178,2,50,30,1,9
187,-11802872,2,50,30,2,5
189,-11783008,2,50,30,2,13
191,-11770843,2,50,30,3,9
193,-11758797,2,50,40,0,5
195,-11758536,2,50,40,0,13
197,-11758344,2,50,40,1,9
199,-11740454,2,50,40,2,5
201,-11716355,2,50,40,2,13
203,-11701381,2,50,40,3,9
205,-11667878,2,50,50,0,5
207,-11667622,2,50,50,0,13
209,-11667429,2,50,50,1,9
211,-11647352,2,50,50,2,5
213,-11620469,2,50,50,2,13
215,-11603465,2,50,50,3,9
217,-11557393,3,50,0,0,5
219,-11557024,3,50,0,0,13
221,-11556787,3,50,0,1,9
223,-11553936,3,50,0,2,5
225,-11549961,3,50,0,2,13
227,-11545075,3,50,0,3,9
229,-11541590,3,50,10,0,5
231,-11541268,3,50,10,0,13
233,-11540970,3,50,10,1,9
235,-11528177,3,50,10,2,5
237,-11518061,3,50,10,2,13
239,-11509919,3,50,10,3,9
241,-11497763,3,50,20,0,5
243,-11497409,3,50,20,0,13
245,-11497142,3,50,20,1,9
247,-11477586,3,50,20,2,5
249,-11462511,3,50,20,2,13
251,-11451779,3,50,20,3,9
253,-11436306,3,50,30,0,5
255,-11435970,3,50,30,0,13
257,-11435685,3,50,30,1,9
259,-11402951,3,50,30,2,5
261,-11382160,3,50,30,2,13
263,-11362789,3,50,30,3,9
265,-11344612,3,50,40,0,5
267,-11344312,3,50,40,0,13
269,-11344098,3,50,40,1,9
271,-11307697,3,50,40,2,5
273,-11281672,3,50,40,2,13
275,-11257794,3,50,40,3,9
277,-11217059,3,50,50,0,5
279,-11216611,3,50,50,0,13
281,-11216282,3,50,50,1,9
283,-11192660,3,50,50,2,5
285,-11159290,3,50,50,2,13
287,-11107275,3,50,50,3,9
289,-11084714,4,50,0,0,5
291,-11083955,4,50,0,0,13
293,-11083463,4,50,0,1,9
295,-11076278,4,50,0,2,5
297,-11068429,4,50,0,2,13
299,-11055248,4,50,0,3,9
301,-11049193,4,50,10,0,5
303,-11048576,4,50,10,0,13
305,-11048135,4,50,10,1,9
307,-11027923,4,50,10,2,5
309,-11012215,4,50,10,2,13
311,-10989249,4,50,10,3,9
313,-10965523,4,50,20,0,5
315,-10964916,4,50,20,0,13
317,-10964410,4,50,20,1,9
319,-10927118,4,50,20,2,5
321,-10902253,4,50,20,2,13
323,-10865298,4,50,20,3,9
325,-10835445,4,50,30,0,5
327,-10834825,4,50,30,0,13
329,-10834214,4,50,30,1,9
331,-10790395,4,50,30,2,5
333,-10758115,4,50,30,2,13
335,-10702567,4,50,30,3,9
337,-10659081,4,50,40,0,5
339,-10658477,4,50,40,0,13
341,-10657914,4,50,40,1,9
343,-10592818,4,50,40,2,5
345,-10547123,4,50,40,2,13
347,-10474681,4,50,40,3,9
349,-10418835,4,50,50,0,5
351,-10418222,4,50,50,0,13
353,-10417487,4,50,50,1,9
355,-10348394,4,50,50,2,5
357,-10284797,4,50,50,2,13
359,-10165591,4,50,50,3,9
361,-10089420,5,50,0,0,5
363,-10088687,5,50,0,0,13
365,-10088135,5,50,0,1,9
367,-10082135,5,50,0,2,5
369,-10076188,5,50,0,2,13
371,-10059927,5,50,0,3,9
373,-10051597,5,50,10,0,5
375,-10051108,5,50,10,0,13
377,-10050439,5,50,10,1,9
379,-10023236,5,50,10,2,5
381,-10007427,5,50,10,2,13
383,-9984716,5,50,10,3,9
385,-9951933,5,50,20,0,5
387,-9951393,5,50,20,0,13
389,-9950757,5,50,20,1,9
391,-9909420,5,50,20,2,5
393,-9879143,5,50,20,2,13
395,-9807564,5,50,20,3,9
397,-9763317,5,50,30,0,5
399,-9762663,5,50,30,0,13
401,-9762031,5,50,30,1,9
403,-9715525,5,50,30,2,5
405,-9679670,5,50,30,2,13
407,-9599892,5,50,30,3,9
409,-9537423,5,50,40,0,5
411,-9536752,5,50,40,0,13
413,-9536235,5,50,40,1,9
415,-9453700,5,50,40,2,5
417,-9401940,5,50,40,2,13
419,-9279941,5,50,40,3,9
421,-9195434,5,50,50,0,5
423,-9194829,5,50,50,0,13
425,-9194325,5,50,50,1,9
427,-9106242,5,50,50,2,5
429,-9042248,5,50,50,2,13
431,-8936503,5,50,50,3,9
2,-12445558,0,50,0,0,9
4,-12445188,0,50,0,1,5
6,-12444581,0,50,0,1,13
8,-12443887,0,50,0,2,9
10,-12443358,0,50,0,3,5
12,-12442753,0,50,0,3,13
14,-12442213,0,50,10,0,9
16,-12442117,0,50,10,1,5
18,-12440091,0,50,10,1,13
20,-12438369,0,50,10,2,9
22,-12437336,0,50,10,3,5
24,-12435970,0,50,10,3,13
26,-12434363,0,50,20,0,9
28,-12434292,0,50,20,1,5
30,-12432244,0,50,20,1,13
32,-12428830,0,50,20,2,9
34,-12426190,0,50,20,3,5
36,-12421246,0,50,20,3,13
38,-12418882,0,50,30,0,9
40,-12418767,0,50,30,1,5
42,-12415561,0,50,30,1,13
44,-12411585,0,50,30,2,9
46,-12409807,0,50,30,3,5
48,-12406371,0,50,30,3,13
50,-12399210,0,50,40,0,9
52,-12399094,0,50,40,1,5
54,-12396000,0,50,40,1,13
56,-12390448,0,50,40,2,9
58,-12385414,0,50,40,3,5
60,-12374763,0,50,40,3,13
62,-12368253,0,50,50,0,9
64,-12368167,0,50,50,1,5
66,-12362402,0,50,50,1,13
68,-12356714,0,50,50,2,9
70,-12350730,0,50,50,3,5
72,-12346094,0,50,50,3,13
74,-12336433,1,50,0,0,9
76,-12336164,1,50,0,1,5
78,-12333666,1,50,0,1,13
80,-12330879,1,50,0,2,9
82,-12327348,1,50,0,3,5
84,-12324908,1,50,0,3,13
86,-12322439,1,50,10,0,9
88,-12322228,1,50,10,1,5
90,-12312837,1,50,10,1,13
92,-12304262,1,50,10,2,9
94,-12296479,1,50,10,3,5
96,-12286830,1,50,10,3,13
98,-12278467,1,50,20,0,9
100,-12278216,1,50,20,1,5
102,-12263770,1,50,20,1,13
104,-12248720,1,50,20,2,9
106,-12236822,1,50,20,3,5
108,-12220463,1,50,20,3,13
110,-12207866,1,50,30,0,9
112,-12207674,1,50,30,1,5
114,-12184333,1,50,30,1,13
116,-12165955,1,50,30,2,9
118,-12148298,1,50,30,3,5
120,-12129983,1,50,30,3,13
122,-12106922,1,50,40,0,9
124,-12106665,1,50,40,1,5
126,-12073985,1,50,40,1,13
128,-12048664,1,50,40,2,9
130,-12016622,1,50,40,3,5
132,-11994131,1,50,40,3,13
134,-11963435,1,50,50,0,9
136,-11962970,1,50,50,1,5
138,-11918853,1,50,50,1,13
140,-11884112,1,50,50,2,9
142,-11852379,1,50,50,3,5
144,-11821366,1,50,50,3,13
146,-11787839,2,50,0,0,9
148,-11787594,2,50,0,1,5
150,-11784778,2,50,0,1,13
152,-11782811,2,50,0,2,9
154,-11780055,2,50,0,3,5
156,-11778441,2,50,0,3,13
158,-11776867,2,50,10,0,9
160,-11776709,2,50,10,1,5
162,-11768789,2,50,10,1,13
164,-11762846,2,50,10,2,9
166,-11749833,2,50,10,3,5
168,-11741574,2,50,10,3,13
170,-11734163,2,50,20,0,9
172,-11733856,2,50,20,1,5
174,-11725358,2,50,20,1,13
176,-11717439,2,50,20,2,9
178,-11706737,2,50,20,3,5
180,-11694171,2,50,20,3,13
182,-11682853,2,50,30,0,9
184,-11682700,2,50,30,1,5
186,-11675777,2,50,30,1,13
188,-11660368,2,50,30,2,9
190,-11648308,2,50,30,3,5
192,-11633515,2,50,30,3,13
194,-11621649,2,50,40,0,9
196,-11621366,2,50,40,1,5
198,-11603253,2,50,40,1,13
200,-11591965,2,50,40,2,9
202,-11574295,2,50,40,3,5
204,-11567058,2,50,40,3,13
206,-11546310,2,50,50,0,9
208,-11546051,2,50,50,1,5
210,-11528959,2,50,50,1,13
212,-11506824,2,50,50,2,9
214,-11489277,2,50,50,3,5
216,-11469389,2,50,50,3,13
218,-11430084,3,50,0,0,9
220,-11429743,3,50,0,1,5
222,-11426732,3,50,0,1,13
224,-11424273,3,50,0,2,9
226,-11417295,3,50,0,3,5
228,-11414226,3,50,0,3,13
230,-11410036,3,50,10,0,9
232,-11409799,3,50,10,1,5
234,-11404180,3,50,10,1,13
236,-11396399,3,50,10,2,9
238,-11382410,3,50,10,3,5
240,-11370931,3,50,10,3,13
242,-11363468,3,50,20,0,9
244,-11363180,3,50,20,1,5
246,-11351061,3,50,20,1,13
248,-11337989,3,50,20,2,9
250,-11314147,3,50,20,3,5
252,-11303319,3,50,20,3,13
254,-11276045,3,50,30,0,9
256,-11275711,3,50,30,1,5
258,-11257899,3,50,30,1,13
260,-11239011,3,50,30,2,9
262,-11220987,3,50,30,3,5
264,-11199498,3,50,30,3,13
266,-11181353,3,50,40,0,9
268,-11181010,3,50,40,1,5
270,-11160250,3,50,40,1,13
272,-11142383,3,50,40,2,9
274,-11116554,3,50,40,3,5
276,-11089593,3,50,40,3,13
278,-11050236,3,50,50,0,9
280,-11049835,3,50,50,1,5
282,-11019651,3,50,50,1,13
284,-10987206,3,50,50,2,9
286,-10944798,3,50,50,3,5
288,-10921294,3,50,50,3,13
290,-10887146,4,50,0,0,9
292,-10886625,4,50,0,1,5
294,-10882686,4,50,0,1,13
296,-10875306,4,50,0,2,9
298,-10865865,4,50,0,3,5
300,-10860792,4,50,0,3,13
302,-10854360,4,50,10,0,9
304,-10853843,4,50,10,1,5
306,-10838980,4,50,10,1,13
308,-10816062,4,50,10,2,9
310,-10792676,4,50,10,3,5
312,-10777137,4,50,10,3,13
314,-10753572,4,50,20,0,9
316,-10752978,4,50,20,1,5
318,-10731186,4,50,20,1,13
320,-10701897,4,50,20,2,9
322,-10666530,4,50,20,3,5
324,-10642241,4,50,20,3,13
326,-10611233,4,50,30,0,9
328,-10610688,4,50,30,1,5
330,-10580941,4,50,30,1,13
332,-10516929,4,50,30,2,9
334,-10463022,4,50,30,3,5
336,-10435069,4,50,30,3,13
338,-10398425,4,50,40,0,9
340,-10397899,4,50,40,1,5
342,-10350639,4,50,40,1,13
344,-10280019,4,50,40,2,9
346,-10218637,4,50,40,3,5
348,-10182313,4,50,40,3,13
350,-10118788,4,50,50,0,9
352,-10118238,4,50,50,1,5
354,-10069122,4,50,50,1,13
356,-9981380,4,50,50,2,9
358,-9895573,4,50,50,3,5
360,-9849990,4,50,50,3,13
362,-9766686,5,50,0,0,9
364,-9765985,5,50,0,1,5
366,-9759472,5,50,0,1,13
368,-9750738,5,50,0,2,9
370,-9737125,5,50,0,3,5
372,-9730302,5,50,0,3,13
374,-9723428,5,50,10,0,9
376,-9722795,5,50,10,1,5
378,-9702485,5,50,10,1,13
380,-9668655,5,50,10,2,9
382,-9627625,5,50,10,3,5
384,-9609455,5,50,10,3,13
386,-9579209,5,50,20,0,9
388,-9578550,5,50,20,1,5
390,-9549713,5,50,20,1,13
392,-9491236,5,50,20,2,9
394,-9450221,5,50,20,3,5
396,-9423494,5,50,20,3,13
398,-9364337,5,50,30,0,9
400,-9363640,5,50,30,1,5
402,-9323837,5,50,30,1,13
404,-9251677,5,50,30,2,9
406,-9176666,5,50,30,3,5
408,-9133302,5,50,30,3,13
410,-9054648,5,50,40,0,9
412,-9054113,5,50,40,1,5
414,-9004786,5,50,40,1,13
416,-8880417,5,50,40,2,9
418,-8814130,5,50,40,3,5
420,-8765438,5,50,40,3,13
422,-8691467,5,50,50,0,9
424,-8690689,5,50,50,1,5
426,-8642838,5,50,50,1,13
428,-8495651,5,50,50,2,9
430,-8373478,5,50,50,3,5
432,-8287065,5,50,50,3,13
