"run","randomSeed","shapeType","gridSize","noise","sharingType","edgeOfComm"
1,163480176,0,50,0,0,5
3,163480580,0,50,0,0,13
5,163480748,0,50,0,1,9
7,163481257,0,50,0,2,5
9,163482151,0,50,0,2,13
11,163483056,0,50,0,3,9
13,163483681,0,50,10,0,5
15,163483846,0,50,10,0,13
17,163483936,0,50,10,1,9
19,163485460,0,50,10,2,5
21,163488038,0,50,10,2,13
23,163490396,0,50,10,3,9
25,163492670,0,50,20,0,5
27,163492734,0,50,20,0,13
29,163492843,0,50,20,1,9
31,163496713,0,50,20,2,5
33,163500641,0,50,20,2,13
35,163505291,0,50,20,3,9
37,163507310,0,50,30,0,5
39,163507411,0,50,30,0,13
41,163507531,0,50,30,1,9
43,163512935,0,50,30,2,5
45,163515894,0,50,30,2,13
47,163519912,0,50,30,3,9
49,163524178,0,50,40,0,5
51,163524342,0,50,40,0,13
53,163524434,0,50,40,1,9
55,163527918,0,50,40,2,5
57,163531985,0,50,40,2,13
59,163534267,0,50,40,3,9
61,163540933,0,50,50,0,5
63,163541041,0,50,50,0,13
65,163541140,0,50,50,1,9
67,163549453,0,50,50,2,5
69,163554853,0,50,50,2,13
71,163562566,0,50,50,3,9
73,163568046,1,50,0,0,5
75,163568455,1,50,0,0,13
77,163568661,1,50,0,1,9
79,163571561,1,50,0,2,5
81,163577631,1,50,0,2,13
83,163582061,1,50,0,3,9
85,163584903,1,50,10,0,5
87,163585341,1,50,10,0,13
89,163585639,1,50,10,1,9
91,163593090,1,50,10,2,5
93,163605304,1,50,10,2,13
95,163616570,1,50,10,3,9
97,163624881,1,50,20,0,5
99,163625328,1,50,20,0,13
101,163625581,1,50,20,1,9
103,163635074,1,50,20,2,5
105,163651493,1,50,20,2,13
107,163662386,1,50,20,3,9
109,163674549,1,50,30,0,5
111,163674883,1,50,30,0,13
113,163675160,1,50,30,1,9
115,163689165,1,50,30,2,5
117,163718627,1,50,30,2,13
119,163735356,1,50,30,3,9
121,163766777,1,50,40,0,5
123,163767224,1,50,40,0,13
125,163767423,1,50,40,1,9
127,163788276,1,50,40,2,5
129,163808652,1,50,40,2,13
131,163836199,1,50,40,3,9
133,163861725,1,50,50,0,5
135,163862154,1,50,50,0,13
137,163862464,1,50,50,1,9
139,163895878,1,50,50,2,5
141,163937149,1,50,50,2,13
143,163974173,1,50,50,3,9
145,164025073,2,50,0,0,5
147,164025391,2,50,0,0,13
149,164025623,2,50,0,1,9
151,164026840,2,50,0,2,5
153,164031149,2,50,0,2,13
155,164034241,2,50,0,3,9
157,164037266,2,50,10,0,5
159,164037635,2,50,10,0,13
161,164037838,2,50,10,1,9
163,164043901,2,50,10,2,5
165,164054421,2,50,10,2,13
167,164058483,2,50,10,3,9
169,164063924,2,50,20,0,5
171,164064213,2,50,20,0,13
173,164064387,2,50,20,1,9
175,164075965,2,50,20,2,5
177,164090851,2,50,20,2,13
179,164102325,2,50,20,3,9
181,164117306,2,50,30,0,5
183,164117589,2,50,30,0,13
185,164117809,2,50,30,1,9
187,164136471,2,50,30,2,5
189,164148335,2,50,30,2,13
191,164164535,2,50,30,3,9
193,164177912,2,50,40,0,5
195,164178136,2,50,40,0,13
197,164178369,2,50,40,1,9
199,164198104,2,50,40,2,5
201,164215017,2,50,40,2,13
203,164234219,2,50,40,3,9
205,164265899,2,50,50,0,5
207,164266247,2,50,50,0,13
209,164266428,2,50,50,1,9
211,164285423,2,50,50,2,5
213,164309533,2,50,50,2,13
215,164330595,2,50,50,3,9
217,164356524,3,50,0,0,5
219,164356870,3,50,0,0,13
221,164357147,3,50,0,1,9
223,164359491,3,50,0,2,5
225,164363633,3,50,0,2,13
227,164367462,3,50,0,3,9
229,164371200,3,50,10,0,5
231,164371632,3,50,10,0,13
233,164371988,3,50,10,1,9
235,164380477,3,50,10,2,5
237,164391185,3,50,10,2,13
239,164399546,3,50,10,3,9
241,164411587,3,50,20,0,5
243,164411997,3,50,20,0,13
245,164412239,3,50,20,1,9
247,164430166,3,50,20,2,5
249,164440884,3,50,20,2,13
251,164455788,3,50,20,3,9
253,164472472,3,50,30,0,5
255,164472843,3,50,30,0,13
257,164473097,3,50,30,1,9
259,164490303,3,50,30,2,5
261,164510288,3,50,30,2,13
263,164540949,3,50,30,3,9
265,164569411,3,50,40,0,5
267,164569718,3,50,40,0,13
269,164569981,3,50,40,1,9
271,164611538,3,50,40,2,5
273,164631563,3,50,40,2,13
275,164657698,3,50,40,3,9
277,164692263,3,50,50,0,5
279,164692518,3,50,50,0,13
281,164692744,3,50,50,1,9
283,164725006,3,50,50,2,5
285,164758456,3,50,50,2,13
287,164785469,3,50,50,3,9
289,164826584,4,50,0,0,5
291,164827230,4,50,0,0,13
293,164827715,4,50,0,1,9
295,164833382,4,50,0,2,5
297,164840201,4,50,0,2,13
299,164855681,4,50,0,3,9
301,164861166,4,50,10,0,5
303,164861743,4,50,10,0,13
305,164862244,4,50,10,1,9
307,164876954,4,50,10,2,5
309,164890861,4,50,10,2,13
311,164914382,4,50,10,3,9
313,164932008,4,50,20,0,5
315,164932599,4,50,20,0,13
317,164933136,4,50,20,1,9
319,164965157,4,50,20,2,5
321,164992775,4,50,20,2,13
323,165025865,4,50,20,3,9
325,165059984,4,50,30,0,5
327,165060515,4,50,30,0,13
329,165061052,4,50,30,1,9
331,165096688,4,50,30,2,5
333,165131025,4,50,30,2,13
335,165192364,4,50,30,3,9
337,165237938,4,50,40,0,5
339,165238496,4,50,40,0,13
341,165239110,4,50,40,1,9
343,165299616,4,50,40,2,5
345,165347809,4,50,40,2,13
347,165412052,4,50,40,3,9
349,165468510,4,50,50,0,5
351,165469021,4,50,50,0,13
353,165469669,4,50,50,1,9
355,165532513,4,50,50,2,5
357,165585892,4,50,50,2,13
359,165676366,4,50,50,3,9
361,165739199,5,50,0,0,5
363,165739891,5,50,0,0,13
365,165740728,5,50,0,1,9
367,165751071,5,50,0,2,5
369,165759913,5,50,0,2,13
371,165777260,5,50,0,3,9
373,165782251,5,50,10,0,5
375,165782919,5,50,10,0,13
377,165783529,5,50,10,1,9
379,165808276,5,50,10,2,5
381,165829573,5,50,10,2,13
383,165874120,5,50,10,3,9
385,165907243,5,50,20,0,5
387,165907793,5,50,20,0,13
389,165908535,5,50,20,1,9
391,165951535,5,50,20,2,5
393,165972159,5,50,20,2,13
395,166034143,5,50,20,3,9
397,166081257,5,50,30,0,5
399,166082015,5,50,30,0,13
401,166082628,5,50,30,1,9
403,166161922,5,50,30,2,5
405,166206480,5,50,30,2,13
407,166292814,5,50,30,3,9
409,166370100,5,50,40,0,5
411,166370887,5,50,40,0,13
413,166371437,5,50,40,1,9
415,166451287,5,50,40,2,5
417,166495782,5,50,40,2,13
419,166556358,5,50,40,3,9
421,166645813,5,50,50,0,5
423,166646454,5,50,50,0,13
425,166647019,5,50,50,1,9
427,166742106,5,50,50,2,5
429,166809507,5,50,50,2,13
431,166954531,5,50,50,3,9
2,163480148,0,50,0,0,9
4,163480515,0,50,0,1,5
6,163481250,0,50,0,1,13
8,163481950,0,50,0,2,9
10,163482489,0,50,0,3,5
12,163483047,0,50,0,3,13
14,163483495,0,50,10,0,9
16,163483611,0,50,10,1,5
18,163485417,0,50,10,1,13
20,163486997,0,50,10,2,9
22,163488505,0,50,10,3,5
24,163489535,0,50,10,3,13
26,163490408,0,50,20,0,9
28,163490480,0,50,20,1,5
30,163494266,0,50,20,1,13
32,163498085,0,50,20,2,9
34,163500138,0,50,20,3,5
36,163502444,0,50,20,3,13
38,163504827,0,50,30,0,9
40,163504926,0,50,30,1,5
42,163507800,0,50,30,1,13
44,163511678,0,50,30,2,9
46,163514962,0,50,30,3,5
48,163517764,0,50,30,3,13
50,163520590,0,50,40,0,9
52,163520690,0,50,40,1,5
54,163524027,0,50,40,1,13
56,163529151,0,50,40,2,9
58,163533055,0,50,40,3,5
60,163535869,0,50,40,3,13
62,163543289,0,50,50,0,9
64,163543368,0,50,50,1,5
66,163548536,0,50,50,1,13
68,163558871,0,50,50,2,9
70,163570125,0,50,50,3,5
72,163574423,0,50,50,3,13
74,163582517,1,50,0,0,9
76,163582692,1,50,0,1,5
78,163586398,1,50,0,1,13
80,163589315,1,50,0,2,9
82,163593200,1,50,0,3,5
84,163597008,1,50,0,3,13
86,163600138,1,50,10,0,9
88,163600378,1,50,10,1,5
90,163607967,1,50,10,1,13
92,163617185,1,50,10,2,9
94,163626489,1,50,10,3,5
96,163637283,1,50,10,3,13
98,163644212,1,50,20,0,9
100,163644422,1,50,20,1,5
102,163656068,1,50,20,1,13
104,163668595,1,50,20,2,9
106,163682935,1,50,20,3,5
108,163699760,1,50,20,3,13
110,163713010,1,50,30,0,9
112,163713252,1,50,30,1,5
114,163731904,1,50,30,1,13
116,163750503,1,50,30,2,9
118,163772230,1,50,30,3,5
120,163788319,1,50,30,3,13
122,163803745,1,50,40,0,9
124,163804004,1,50,40,1,5
126,163824343,1,50,40,1,13
128,163848024,1,50,40,2,9
130,163875175,1,50,40,3,5
132,163893703,1,50,40,3,13
134,163924820,1,50,50,0,9
136,163924974,1,50,50,1,5
138,163960714,1,50,50,1,13
140,163995352,1,50,50,2,9
142,164014708,1,50,50,3,5
144,164034907,1,50,50,3,13
146,164071329,2,50,0,0,9
148,164071618,2,50,0,1,5
150,164073971,2,50,0,1,13
152,164075571,2,50,0,2,9
154,164078809,2,50,0,3,5
156,164080636,2,50,0,3,13
158,164081555,2,50,10,0,9
160,164081758,2,50,10,1,5
162,164086064,2,50,10,1,13
164,164089426,2,50,10,2,9
166,164093808,2,50,10,3,5
168,164101555,2,50,10,3,13
170,164106506,2,50,20,0,9
172,164106660,2,50,20,1,5
174,164118341,2,50,20,1,13
176,164129438,2,50,20,2,9
178,164146157,2,50,20,3,5
180,164154896,2,50,20,3,13
182,164167432,2,50,30,0,9
184,164167778,2,50,30,1,5
186,164183558,2,50,30,1,13
188,164197534,2,50,30,2,9
190,164221031,2,50,30,3,5
192,164231375,2,50,30,3,13
194,164245537,2,50,40,0,9
196,164245792,2,50,40,1,5
198,164256374,2,50,40,1,13
200,164274842,2,50,40,2,9
202,164304645,2,50,40,3,5
204,164315919,2,50,40,3,13
206,164337285,2,50,50,0,9
208,164337449,2,50,50,1,5
210,164359860,2,50,50,1,13
212,164387647,2,50,50,2,9
214,164409157,2,50,50,3,5
216,164428506,2,50,50,3,13
218,164452526,3,50,0,0,9
220,164452822,3,50,0,1,5
222,164455201,3,50,0,1,13
224,164457196,3,50,0,2,9
226,164460371,3,50,0,3,5
228,164462744,3,50,0,3,13
230,164466452,3,50,10,0,9
232,164466786,3,50,10,1,5
234,164475977,3,50,10,1,13
236,164482668,3,50,10,2,9
238,164490665,3,50,10,3,5
240,164500220,3,50,10,3,13
242,164509373,3,50,20,0,9
244,164509759,3,50,20,1,5
246,164525355,3,50,20,1,13
248,164537994,3,50,20,2,9
250,164560976,3,50,20,3,5
252,164572123,3,50,20,3,13
254,164583460,3,50,30,0,9
256,164583850,3,50,30,1,5
258,164604331,3,50,30,1,13
260,164626477,3,50,30,2,9
262,164660756,3,50,30,3,5
264,164676516,3,50,30,3,13
266,164696691,3,50,40,0,9
268,164696980,3,50,40,1,5
270,164723524,3,50,40,1,13
272,164749885,3,50,40,2,9
274,164769802,3,50,40,3,5
276,164784985,3,50,40,3,13
278,164813953,3,50,50,0,9
280,164814285,3,50,50,1,5
282,164847304,3,50,50,1,13
284,164872989,3,50,50,2,9
286,164915071,3,50,50,3,5
288,164941085,3,50,50,3,13
290,164981776,4,50,0,0,9
292,164982415,4,50,0,1,5
294,164986428,4,50,0,1,13
296,164992098,4,50,0,2,9
298,165001635,4,50,0,3,5
300,165006174,4,50,0,3,13
302,165011913,4,50,10,0,9
304,165012423,4,50,10,1,5
306,165024962,4,50,10,1,13
308,165045473,4,50,10,2,9
310,165068461,4,50,10,3,5
312,165083383,4,50,10,3,13
314,165102658,4,50,20,0,9
316,165103246,4,50,20,1,5
318,165123732,4,50,20,1,13
320,165179715,4,50,20,2,9
322,165221272,4,50,20,3,5
324,165245739,4,50,20,3,13
326,165283308,4,50,30,0,9
328,165283966,4,50,30,1,5
330,165317393,4,50,30,1,13
332,165370018,4,50,30,2,9
334,165409772,4,50,30,3,5
336,165437529,4,50,30,3,13
338,165492077,4,50,40,0,9
340,165492673,4,50,40,1,5
342,165530557,4,50,40,1,13
344,165593863,4,50,40,2,9
346,165648203,4,50,40,3,5
348,165690265,4,50,40,3,13
350,165767172,4,50,50,0,9
352,165767693,4,50,50,1,5
354,165820231,4,50,50,1,13
356,165888190,4,50,50,2,9
358,165981687,4,50,50,3,5
360,166055280,4,50,50,3,13
362,166093443,5,50,0,0,9
364,166094025,5,50,0,1,5
366,166100337,5,50,0,1,13
368,166105997,5,50,0,2,9
370,166116174,5,50,0,3,5
372,166119951,5,50,0,3,13
374,166128616,5,50,10,0,9
376,166129231,5,50,10,1,5
378,166144786,5,50,10,1,13
380,166179116,5,50,10,2,9
382,166205823,5,50,10,3,5
384,166218709,5,50,10,3,13
386,166241386,5,50,20,0,9
388,166241862,5,50,20,1,5
390,166271317,5,50,20,1,13
392,166336990,5,50,20,2,9
394,166380077,5,50,20,3,5
396,166407847,5,50,20,3,13
398,166463970,5,50,30,0,9
400,166464681,5,50,30,1,5
402,166490034,5,50,30,1,13
404,166580670,5,50,30,2,9
406,166656628,5,50,30,3,5
408,166695576,5,50,30,3,13
410,166759141,5,50,40,0,9
412,166759682,5,50,40,1,5
414,166810379,5,50,40,1,13
416,166897259,5,50,40,2,9
418,166961385,5,50,40,3,5
420,167013461,5,50,40,3,13
422,167099920,5,50,50,0,9
424,167100702,5,50,50,1,5
426,167157847,5,50,50,1,13
428,167263655,5,50,50,2,9
430,167373869,5,50,50,3,5
432,167457797,5,50,50,3,13
