"run","randomSeed","shapeType","gridSize","noise","sharingType","edgeOfComm"
1,169351484,0,50,0,0,5
3,169352006,0,50,0,0,13
5,169352135,0,50,0,1,9
7,169353011,0,50,0,2,5
9,169354687,0,50,0,2,13
11,169355442,0,50,0,3,9
13,169356105,0,50,10,0,5
15,169356206,0,50,10,0,13
17,169356323,0,50,10,1,9
19,169359851,0,50,10,2,5
21,169362037,0,50,10,2,13
23,169364119,0,50,10,3,9
25,169365490,0,50,20,0,5
27,169365577,0,50,20,0,13
29,169365681,0,50,20,1,9
31,169367463,0,50,20,2,5
33,169370448,0,50,20,2,13
35,169376080,0,50,20,3,9
37,169380592,0,50,30,0,5
39,169380724,0,50,30,0,13
41,169380800,0,50,30,1,9
43,169383416,0,50,30,2,5
45,169386881,0,50,30,2,13
47,169390563,0,50,30,3,9
49,169395332,0,50,40,0,5
51,169395469,0,50,40,0,13
53,169395567,0,50,40,1,9
55,169400690,0,50,40,2,5
57,169404732,0,50,40,2,13
59,169410767,0,50,40,3,9
61,169415620,0,50,50,0,5
63,169415733,0,50,50,0,13
65,169415817,0,50,50,1,9
67,169422501,0,50,50,2,5
69,169426937,0,50,50,2,13
71,169436057,0,50,50,3,9
73,169444016,1,50,0,0,5
75,169444290,1,50,0,0,13
77,169444521,1,50,0,1,9
79,169447368,1,50,0,2,5
81,169451339,1,50,0,2,13
83,169455750,1,50,0,3,9
85,169458686,1,50,10,0,5
87,169459066,1,50,10,0,13
89,169459353,1,50,10,1,9
91,169467030,1,50,10,2,5
93,169478259,1,50,10,2,13
95,169487450,1,50,10,3,9
97,169495687,1,50,20,0,5
99,169496169,1,50,20,0,13
101,169496412,1,50,20,1,9
103,169509348,1,50,20,2,5
105,169523586,1,50,20,2,13
107,169536325,1,50,20,3,9
109,169548781,1,50,30,0,5
111,169549110,1,50,30,0,13
113,169549315,1,50,30,1,9
115,169575678,1,50,30,2,5
117,169601842,1,50,30,2,13
119,169621233,1,50,30,3,9
121,169640357,1,50,40,0,5
123,169640774,1,50,40,0,13
125,169641152,1,50,40,1,9
127,169685575,1,50,40,2,5
129,169719619,1,50,40,2,13
131,169747475,1,50,40,3,9
133,169771590,1,50,50,0,5
135,169771828,1,50,50,0,13
137,169772074,1,50,50,1,9
139,169816353,1,50,50,2,5
141,169857686,1,50,50,2,13
143,169888712,1,50,50,3,9
145,169946279,2,50,0,0,5
147,169946459,2,50,0,0,13
149,169946573,2,50,0,1,9
151,169947290,2,50,0,2,5
153,169949757,2,50,0,2,13
155,169950821,2,50,0,3,9
157,169952957,2,50,10,0,5
159,169953309,2,50,10,0,13
161,169953471,2,50,10,1,9
163,169958785,2,50,10,2,5
165,169963982,2,50,10,2,13
167,169970093,2,50,10,3,9
169,169976736,2,50,20,0,5
171,169976985,2,50,20,0,13
173,169977199,2,50,20,1,9
175,169983934,2,50,20,2,5
177,169995982,2,50,20,2,13
179,170007056,2,50,20,3,9
181,170017925,2,50,30,0,5
183,170018215,2,50,30,0,13
185,170018425,2,50,30,1,9
187,170031041,2,50,30,2,5
189,170044806,2,50,30,2,13
191,170058145,2,50,30,3,9
193,170072171,2,50,40,0,5
195,170072532,2,50,40,0,13
197,170072754,2,50,40,1,9
199,170092043,2,50,40,2,5
201,170116826,2,50,40,2,13
203,170137781,2,50,40,3,9
205,170163338,2,50,50,0,5
207,170163511,2,50,50,0,13
209,170163721,2,50,50,1,9
211,170182218,2,50,50,2,5
213,170198203,2,50,50,2,13
215,170223207,2,50,50,3,9
217,170239244,3,50,0,0,5
219,170239604,3,50,0,0,13
221,170239825,3,50,0,1,9
223,170242900,3,50,0,2,5
225,170247349,3,50,0,2,13
227,170250668,3,50,0,3,9
229,170252683,3,50,10,0,5
231,170253044,3,50,10,0,13
233,170253429,3,50,10,1,9
235,170263188,3,50,10,2,5
237,170272755,3,50,10,2,13
239,170280639,3,50,10,3,9
241,170287145,3,50,20,0,5
243,170287536,3,50,20,0,13
245,170287782,3,50,20,1,9
247,170306322,3,50,20,2,5
249,170323087,3,50,20,2,13
251,170335195,3,50,20,3,9
253,170342563,3,50,30,0,5
255,170342852,3,50,30,0,13
257,170343098,3,50,30,1,9
259,170355884,3,50,30,2,5
261,170374813,3,50,30,2,13
263,170393426,3,50,30,3,9
265,170409689,3,50,40,0,5
267,170410111,3,50,40,0,13
269,170410316,3,50,40,1,9
271,170429220,3,50,40,2,5
273,170453393,3,50,40,2,13
275,170476351,3,50,40,3,9
277,170502802,3,50,50,0,5
279,170503227,3,50,50,0,13
281,170503469,3,50,50,1,9
283,170526732,3,50,50,2,5
285,170549420,3,50,50,2,13
287,170575329,3,50,50,3,9
289,170611215,4,50,0,0,5
291,170611866,4,50,0,0,13
293,170612347,4,50,0,1,9
295,170617231,4,50,0,2,5
297,170622694,4,50,0,2,13
299,170635601,4,50,0,3,9
301,170640974,4,50,10,0,5
303,170641548,4,50,10,0,13
305,170642034,4,50,10,1,9
307,170660517,4,50,10,2,5
309,170677740,4,50,10,2,13
311,170706435,4,50,10,3,9
313,170722607,4,50,20,0,5
315,170723195,4,50,20,0,13
317,170723716,4,50,20,1,9
319,170752752,4,50,20,2,5
321,170777671,4,50,20,2,13
323,170812352,4,50,20,3,9
325,170848849,4,50,30,0,5
327,170849496,4,50,30,0,13
329,170849926,4,50,30,1,9
331,170889635,4,50,30,2,5
333,170920617,4,50,30,2,13
335,170970983,4,50,30,3,9
337,171021471,4,50,40,0,5
339,171022039,4,50,40,0,13
341,171022540,4,50,40,1,9
343,171077514,4,50,40,2,5
345,171122065,4,50,40,2,13
347,171194569,4,50,40,3,9
349,171254988,4,50,50,0,5
351,171255550,4,50,50,0,13
353,171255947,4,50,50,1,9
355,171323128,4,50,50,2,5
357,171374430,4,50,50,2,13
359,171469837,4,50,50,3,9
361,171551752,5,50,0,0,5
363,171552209,5,50,0,0,13
365,171552888,5,50,0,1,9
367,171561005,5,50,0,2,5
369,171569527,5,50,0,2,13
371,171586037,5,50,0,3,9
373,171594986,5,50,10,0,5
375,171595752,5,50,10,0,13
377,171596259,5,50,10,1,9
379,171630250,5,50,10,2,5
381,171649864,5,50,10,2,13
383,171677474,5,50,10,3,9
385,171700787,5,50,20,0,5
387,171701501,5,50,20,0,13
389,171702052,5,50,20,1,9
391,171753249,5,50,20,2,5
393,171786729,5,50,20,2,13
395,171856988,5,50,20,3,9
397,171889883,5,50,30,0,5
399,171890602,5,50,30,0,13
401,171890996,5,50,30,1,9
403,171950487,5,50,30,2,5
405,171993345,5,50,30,2,13
407,172069646,5,50,30,3,9
409,172115573,5,50,40,0,5
411,172116166,5,50,40,0,13
413,172116722,5,50,40,1,9
415,172190926,5,50,40,2,5
417,172245838,5,50,40,2,13
419,172336591,5,50,40,3,9
421,172442300,5,50,50,0,5
423,172442858,5,50,50,0,13
425,172443335,5,50,50,1,9
427,172550209,5,50,50,2,5
429,172618603,5,50,50,2,13
431,172733636,5,50,50,3,9
2,169351465,0,50,0,0,9
4,169351926,0,50,0,1,5
6,169353035,0,50,0,1,13
8,169353774,0,50,0,2,9
10,169355079,0,50,0,3,5
12,169355877,0,50,0,3,13
14,169356478,0,50,10,0,9
16,169356567,0,50,10,1,5
18,169358250,0,50,10,1,13
20,169359862,0,50,10,2,9
22,169361896,0,50,10,3,5
24,169363917,0,50,10,3,13
26,169365155,0,50,20,0,9
28,169365265,0,50,20,1,5
30,169368066,0,50,20,1,13
32,169370313,0,50,20,2,9
34,169372994,0,50,20,3,5
36,169377094,0,50,20,3,13
38,169379559,0,50,30,0,9
40,169379634,0,50,30,1,5
42,169384903,0,50,30,1,13
44,169388245,0,50,30,2,9
46,169393807,0,50,30,3,5
48,169396556,0,50,30,3,13
50,169403184,0,50,40,0,9
52,169403303,0,50,40,1,5
54,169409512,0,50,40,1,13
56,169413124,0,50,40,2,9
58,169417225,0,50,40,3,5
60,169419561,0,50,40,3,13
62,169427144,0,50,50,0,9
64,169427242,0,50,50,1,5
66,169431753,0,50,50,1,13
68,169436497,0,50,50,2,9
70,169444221,0,50,50,3,5
72,169448380,0,50,50,3,13
74,169457689,1,50,0,0,9
76,169457961,1,50,0,1,5
78,169459940,1,50,0,1,13
80,169462428,1,50,0,2,9
82,169469259,1,50,0,3,5
84,169472534,1,50,0,3,13
86,169475375,1,50,10,0,9
88,169475712,1,50,10,1,5
90,169483266,1,50,10,1,13
92,169491280,1,50,10,2,9
94,169502287,1,50,10,3,5
96,169513699,1,50,10,3,13
98,169524050,1,50,20,0,9
100,169524410,1,50,20,1,5
102,169533397,1,50,20,1,13
104,169549252,1,50,20,2,9
106,169571623,1,50,20,3,5
108,169585575,1,50,20,3,13
110,169601612,1,50,30,0,9
112,169601874,1,50,30,1,5
114,169624508,1,50,30,1,13
116,169649278,1,50,30,2,9
118,169689001,1,50,30,3,5
120,169699301,1,50,30,3,13
122,169717831,1,50,40,0,9
124,169718023,1,50,40,1,5
126,169740581,1,50,40,1,13
128,169769878,1,50,40,2,9
130,169823361,1,50,40,3,5
132,169838729,1,50,40,3,13
134,169854777,1,50,50,0,9
136,169855122,1,50,50,1,5
138,169892450,1,50,50,1,13
140,169905133,1,50,50,2,9
142,169937016,1,50,50,3,5
144,169961636,1,50,50,3,13
146,169995818,2,50,0,0,9
148,169996049,2,50,0,1,5
150,169998733,2,50,0,1,13
152,170000839,2,50,0,2,9
154,170003241,2,50,0,3,5
156,170005415,2,50,0,3,13
158,170007288,2,50,10,0,9
160,170007449,2,50,10,1,5
162,170011194,2,50,10,1,13
164,170013002,2,50,10,2,9
166,170024521,2,50,10,3,5
168,170033974,2,50,10,3,13
170,170038934,2,50,20,0,9
172,170039317,2,50,20,1,5
174,170049065,2,50,20,1,13
176,170059658,2,50,20,2,9
178,170070534,2,50,20,3,5
180,170081995,2,50,20,3,13
182,170089630,2,50,30,0,9
184,170089821,2,50,30,1,5
186,170107170,2,50,30,1,13
188,170120069,2,50,30,2,9
190,170128723,2,50,30,3,5
192,170147901,2,50,30,3,13
194,170154056,2,50,40,0,9
196,170154393,2,50,40,1,5
198,170169214,2,50,40,1,13
200,170179069,2,50,40,2,9
202,170199401,2,50,40,3,5
204,170211180,2,50,40,3,13
206,170233743,2,50,50,0,9
208,170233843,2,50,50,1,5
210,170247725,2,50,50,1,13
212,170273090,2,50,50,2,9
214,170295921,2,50,50,3,5
216,170315228,2,50,50,3,13
218,170335019,3,50,0,0,9
220,170335340,3,50,0,1,5
222,170337639,3,50,0,1,13
224,170339571,3,50,0,2,9
226,170343473,3,50,0,3,5
228,170346705,3,50,0,3,13
230,170348795,3,50,10,0,9
232,170349168,3,50,10,1,5
234,170357485,3,50,10,1,13
236,170364531,3,50,10,2,9
238,170377952,3,50,10,3,5
240,170384792,3,50,10,3,13
242,170397848,3,50,20,0,9
244,170398106,3,50,20,1,5
246,170413751,3,50,20,1,13
248,170426243,3,50,20,2,9
250,170438484,3,50,20,3,5
252,170454925,3,50,20,3,13
254,170466060,3,50,30,0,9
256,170466386,3,50,30,1,5
258,170488014,3,50,30,1,13
260,170503257,3,50,30,2,9
262,170529282,3,50,30,3,5
264,170545523,3,50,30,3,13
266,170560003,3,50,40,0,9
268,170560295,3,50,40,1,5
270,170580064,3,50,40,1,13
272,170604271,3,50,40,2,9
274,170636213,3,50,40,3,5
276,170661407,3,50,40,3,13
278,170686314,3,50,50,0,9
280,170686570,3,50,50,1,5
282,170719183,3,50,50,1,13
284,170771803,3,50,50,2,9
286,170809034,3,50,50,3,5
288,170834014,3,50,50,3,13
290,170860525,4,50,0,0,9
292,170861180,4,50,0,1,5
294,170865290,4,50,0,1,13
296,170873126,4,50,0,2,9
298,170883082,4,50,0,3,5
300,170887717,4,50,0,3,13
302,170894353,4,50,10,0,9
304,170894892,4,50,10,1,5
306,170908514,4,50,10,1,13
308,170933784,4,50,10,2,9
310,170961716,4,50,10,3,5
312,170978119,4,50,10,3,13
314,171001382,4,50,20,0,9
316,171001861,4,50,20,1,5
318,171022014,4,50,20,1,13
320,171068096,4,50,20,2,9
322,171095143,4,50,20,3,5
324,171119498,4,50,20,3,13
326,171159738,4,50,30,0,9
328,171160301,4,50,30,1,5
330,171186604,4,50,30,1,13
332,171227744,4,50,30,2,9
334,171271757,4,50,30,3,5
336,171297639,4,50,30,3,13
338,171341043,4,50,40,0,9
340,171341524,4,50,40,1,5
342,171384217,4,50,40,1,13
344,171453808,4,50,40,2,9
346,171520857,4,50,40,3,5
348,171562186,4,50,40,3,13
350,171619926,4,50,50,0,9
352,171620543,4,50,50,1,5
354,171672072,4,50,50,1,13
356,171738819,4,50,50,2,9
358,171817455,4,50,50,3,5
360,171873979,4,50,50,3,13
362,171947325,5,50,0,0,9
364,171948085,5,50,0,1,5
366,171954784,5,50,0,1,13
368,171963829,5,50,0,2,9
370,171978653,5,50,0,3,5
372,171983992,5,50,0,3,13
374,171991938,5,50,10,0,9
376,171992490,5,50,10,1,5
378,172007990,5,50,10,1,13
380,172041434,5,50,10,2,9
382,172073244,5,50,10,3,5
384,172088069,5,50,10,3,13
386,172120566,5,50,20,0,9
388,172121130,5,50,20,1,5
390,172149874,5,50,20,1,13
392,172196881,5,50,20,2,9
394,172232745,5,50,20,3,5
396,172263593,5,50,20,3,13
398,172322285,5,50,30,0,9
400,172323070,5,50,30,1,5
402,172359757,5,50,30,1,13
404,172425448,5,50,30,2,9
406,172475962,5,50,30,3,5
408,172523848,5,50,30,3,13
410,172601945,5,50,40,0,9
412,172602604,5,50,40,1,5
414,172666210,5,50,40,1,13
416,172773663,5,50,40,2,9
418,172867298,5,50,40,3,5
420,172918590,5,50,40,3,13
422,173045029,5,50,50,0,9
424,173045714,5,50,50,1,5
426,173102106,5,50,50,1,13
428,173213472,5,50,50,2,9
430,173332897,5,50,50,3,5
432,173389129,5,50,50,3,13
