"run","randomSeed","shapeType","gridSize","noise","sharingType","edgeOfComm"
1,-185114215,0,50,0,0,5
3,-185113918,0,50,0,0,13
5,-185113803,0,50,0,1,9
7,-185113287,0,50,0,2,5
9,-185112579,0,50,0,2,13
11,-185112039,0,50,0,3,9
13,-185111328,0,50,10,0,5
15,-185111250,0,50,10,0,13
17,-185111154,0,50,10,1,9
19,-185109447,0,50,10,2,5
21,-185108363,0,50,10,2,13
23,-185106791,0,50,10,3,9
25,-185106212,0,50,20,0,5
27,-185106052,0,50,20,0,13
29,-185105943,0,50,20,1,9
31,-185102878,0,50,20,2,5
33,-185100703,0,50,20,2,13
35,-185098158,0,50,20,3,9
37,-185093266,0,50,30,0,5
39,-185093177,0,50,30,0,13
41,-185093060,0,50,30,1,9
43,-185088939,0,50,30,2,5
45,-185085914,0,50,30,2,13
47,-185081841,0,50,30,3,9
49,-185079322,0,50,40,0,5
51,-185079207,0,50,40,0,13
53,-185079086,0,50,40,1,9
55,-185074221,0,50,40,2,5
57,-185068437,0,50,40,2,13
59,-185062411,0,50,40,3,9
61,-185057271,0,50,50,0,5
63,-185057162,0,50,50,0,13
65,-185057076,0,50,50,1,9
67,-185049272,0,50,50,2,5
69,-185043205,0,50,50,2,13
71,-185036144,0,50,50,3,9
73,-185029551,1,50,0,0,5
75,-185029217,1,50,0,0,13
77,-185029015,1,50,0,1,9
79,-185027199,1,50,0,2,5
81,-185024856,1,50,0,2,13
83,-185022215,1,50,0,3,9
85,-185017521,1,50,10,0,5
87,-185017132,1,50,10,0,13
89,-185016875,1,50,10,1,9
91,-185011016,1,50,10,2,5
93,-185005050,1,50,10,2,13
95,-184994937,1,50,10,3,9
97,-184988011,1,50,20,0,5
99,-184987682,1,50,20,0,13
101,-184987482,1,50,20,1,9
103,-184976594,1,50,20,2,5
105,-184963202,1,50,20,2,13
107,-184951051,1,50,20,3,9
109,-184939423,1,50,30,0,5
111,-184939054,1,50,30,0,13
113,-184938853,1,50,30,1,9
115,-184923025,1,50,30,2,5
117,-184906367,1,50,30,2,13
119,-184898550,1,50,30,3,9
121,-184871478,1,50,40,0,5
123,-184871090,1,50,40,0,13
125,-184870887,1,50,40,1,9
127,-184847079,1,50,40,2,5
129,-184818838,1,50,40,2,13
131,-184789045,1,50,40,3,9
133,-184763286,1,50,50,0,5
135,-184762913,1,50,50,0,13
137,-184762665,1,50,50,1,9
139,-184726351,1,50,50,2,5
141,-184693205,1,50,50,2,13
143,-184662221,1,50,50,3,9
145,-184625221,2,50,0,0,5
147,-184625011,2,50,0,0,13
149,-184624854,2,50,0,1,9
151,-184623256,2,50,0,2,5
153,-184619561,2,50,0,2,13
155,-184617326,2,50,0,3,9
157,-184614787,2,50,10,0,5
159,-184614477,2,50,10,0,13
161,-184614299,2,50,10,1,9
163,-184606049,2,50,10,2,5
165,-184600889,2,50,10,2,13
167,-184594028,2,50,10,3,9
169,-184587402,2,50,20,0,5
171,-184587216,2,50,20,0,13
173,-184587038,2,50,20,1,9
175,-184578949,2,50,20,2,5
177,-184566930,2,50,20,2,13
179,-184556960,2,50,20,3,9
181,-184549803,2,50,30,0,5
183,-184549586,2,50,30,0,13
185,-184549375,2,50,30,1,9
187,-184538611,2,50,30,2,5
189,-184522675,2,50,30,2,13
191,-184511737,2,50,30,3,9
193,-184497901,2,50,40,0,5
195,-184497670,2,50,40,0,13
197,-184497486,2,50,40,1,9
199,-184485998,2,50,40,2,5
201,-184472667,2,50,40,2,13
203,-184453528,2,50,40,3,9
205,-184436981,2,50,50,0,5
207,-184436762,2,50,50,0,13
209,-184436584,2,50,50,1,9
211,-184418253,2,50,50,2,5
213,-184391235,2,50,50,2,13
215,-184366548,2,50,50,3,9
217,-184340668,3,50,0,0,5
219,-184340213,3,50,0,0,13
221,-184339735,3,50,0,1,9
223,-184336980,3,50,0,2,5
225,-184332291,3,50,0,2,13
227,-184328457,3,50,0,3,9
229,-184325496,3,50,10,0,5
231,-184325152,3,50,10,0,13
233,-184324878,3,50,10,1,9
235,-184314049,3,50,10,2,5
237,-184304329,3,50,10,2,13
239,-184295648,3,50,10,3,9
241,-184287811,3,50,20,0,5
243,-184287582,3,50,20,0,13
245,-184287298,3,50,20,1,9
247,-184270011,3,50,20,2,5
249,-184255247,3,50,20,2,13
251,-184230611,3,50,20,3,9
253,-184213081,3,50,30,0,5
255,-184212746,3,50,30,0,13
257,-184212552,3,50,30,1,9
259,-184191299,3,50,30,2,5
261,-184172267,3,50,30,2,13
263,-184154478,3,50,30,3,9
265,-184129915,3,50,40,0,5
267,-184129531,3,50,40,0,13
269,-184129246,3,50,40,1,9
271,-184098650,3,50,40,2,5
273,-184081067,3,50,40,2,13
275,-184033679,3,50,40,3,9
277,-184000677,3,50,50,0,5
279,-184000394,3,50,50,0,13
281,-184000169,3,50,50,1,9
283,-183957145,3,50,50,2,5
285,-183924526,3,50,50,2,13
287,-183896506,3,50,50,3,9
289,-183872264,4,50,0,0,5
291,-183871650,4,50,0,0,13
293,-183871133,4,50,0,1,9
295,-183865783,4,50,0,2,5
297,-183858413,4,50,0,2,13
299,-183847228,4,50,0,3,9
301,-183843460,4,50,10,0,5
303,-183842825,4,50,10,0,13
305,-183842206,4,50,10,1,9
307,-183826487,4,50,10,2,5
309,-183810585,4,50,10,2,13
311,-183787244,4,50,10,3,9
313,-183767611,4,50,20,0,5
315,-183767036,4,50,20,0,13
317,-183766464,4,50,20,1,9
319,-183730887,4,50,20,2,5
321,-183709612,4,50,20,2,13
323,-183669704,4,50,20,3,9
325,-183638725,4,50,30,0,5
327,-183638225,4,50,30,0,13
329,-183637693,4,50,30,1,9
331,-183601472,4,50,30,2,5
333,-183571655,4,50,30,2,13
335,-183518174,4,50,30,3,9
337,-183470629,4,50,40,0,5
339,-183470143,4,50,40,0,13
341,-183469619,4,50,40,1,9
343,-183409601,4,50,40,2,5
345,-183366586,4,50,40,2,13
347,-183314106,4,50,40,3,9
349,-183249558,4,50,50,0,5
351,-183249029,4,50,50,0,13
353,-183248453,4,50,50,1,9
355,-183177097,4,50,50,2,5
357,-183129186,4,50,50,2,13
359,-183042451,4,50,50,3,9
361,-182944892,5,50,0,0,5
363,-182944210,5,50,0,0,13
365,-182943622,5,50,0,1,9
367,-182936157,5,50,0,2,5
369,-182927342,5,50,0,2,13
371,-182915034,5,50,0,3,9
373,-182908671,5,50,10,0,5
375,-182908145,5,50,10,0,13
377,-182907631,5,50,10,1,9
379,-182883089,5,50,10,2,5
381,-182864011,5,50,10,2,13
383,-182819162,5,50,10,3,9
385,-182789997,5,50,20,0,5
387,-182789569,5,50,20,0,13
389,-182788917,5,50,20,1,9
391,-182733823,5,50,20,2,5
393,-182701400,5,50,20,2,13
395,-182658676,5,50,20,3,9
397,-182622313,5,50,30,0,5
399,-182621638,5,50,30,0,13
401,-182621031,5,50,30,1,9
403,-182551847,5,50,30,2,5
405,-182512141,5,50,30,2,13
407,-182416166,5,50,30,3,9
409,-182370382,5,50,40,0,5
411,-182369724,5,50,40,0,13
413,-182369121,5,50,40,1,9
415,-182301002,5,50,40,2,5
417,-182247435,5,50,40,2,13
419,-182156696,5,50,40,3,9
421,-182070957,5,50,50,0,5
423,-182070282,5,50,50,0,13
425,-182069741,5,50,50,1,9
427,-181971011,5,50,50,2,5
429,-181930159,5,50,50,2,13
431,-181808788,5,50,50,3,9
2,-185114168,0,50,0,0,9
4,-185113803,0,50,0,1,5
6,-185113194,0,50,0,1,13
8,-185112594,0,50,0,2,9
10,-185111778,0,50,0,3,5
12,-185111192,0,50,0,3,13
14,-185110726,0,50,10,0,9
16,-185110601,0,50,10,1,5
18,-185109713,0,50,10,1,13
20,-185108238,0,50,10,2,9
22,-185105927,0,50,10,3,5
24,-185104818,0,50,10,3,13
26,-185103693,0,50,20,0,9
28,-185103575,0,50,20,1,5
30,-185102393,0,50,20,1,13
32,-185098612,0,50,20,2,9
34,-185097018,0,50,20,3,5
36,-185094521,0,50,20,3,13
38,-185092728,0,50,30,0,9
40,-185092653,0,50,30,1,5
42,-185089655,0,50,30,1,13
44,-185087278,0,50,30,2,9
46,-185084703,0,50,30,3,5
48,-185079096,0,50,30,3,13
50,-185075915,0,50,40,0,9
52,-185075842,0,50,40,1,5
54,-185070021,0,50,40,1,13
56,-185064778,0,50,40,2,9
58,-185059794,0,50,40,3,5
60,-185056763,0,50,40,3,13
62,-185051063,0,50,50,0,9
64,-185050997,0,50,50,1,5
66,-185045309,0,50,50,1,13
68,-185039799,0,50,50,2,9
70,-185033053,0,50,50,3,5
72,-185027277,0,50,50,3,13
74,-185022039,1,50,0,0,9
76,-185021854,1,50,0,1,5
78,-185019083,1,50,0,1,13
80,-185016649,1,50,0,2,9
82,-185013171,1,50,0,3,5
84,-185009483,1,50,0,3,13
86,-185006912,1,50,10,0,9
88,-185006637,1,50,10,1,5
90,-185000041,1,50,10,1,13
92,-184991734,1,50,10,2,9
94,-184986065,1,50,10,3,5
96,-184980058,1,50,10,3,13
98,-184974274,1,50,20,0,9
100,-184974054,1,50,20,1,5
102,-184965360,1,50,20,1,13
104,-184954041,1,50,20,2,9
106,-184934857,1,50,20,3,5
108,-184917034,1,50,20,3,13
110,-184902688,1,50,30,0,9
112,-184902478,1,50,30,1,5
114,-184884094,1,50,30,1,13
116,-184863909,1,50,30,2,9
118,-184857954,1,50,30,3,5
120,-184843185,1,50,30,3,13
122,-184828270,1,50,40,0,9
124,-184827965,1,50,40,1,5
126,-184800988,1,50,40,1,13
128,-184776870,1,50,40,2,9
130,-184756649,1,50,40,3,5
132,-184733977,1,50,40,3,13
134,-184707569,1,50,50,0,9
136,-184707338,1,50,50,1,5
138,-184677653,1,50,50,1,13
140,-184647002,1,50,50,2,9
142,-184602157,1,50,50,3,5
144,-184575024,1,50,50,3,13
146,-184540107,2,50,0,0,9
148,-184539957,2,50,0,1,5
150,-184537911,2,50,0,1,13
152,-184536662,2,50,0,2,9
154,-184533946,2,50,0,3,5
156,-184531511,2,50,0,3,13
158,-184530515,2,50,10,0,9
160,-184530308,2,50,10,1,5
162,-184523802,2,50,10,1,13
164,-184517930,2,50,10,2,9
166,-184511004,2,50,10,3,5
168,-184505143,2,50,10,3,13
170,-184501039,2,50,20,0,9
172,-184500890,2,50,20,1,5
174,-184489077,2,50,20,1,13
176,-184479785,2,50,20,2,9
178,-184472191,2,50,20,3,5
180,-184459149,2,50,20,3,13
182,-184445475,2,50,30,0,9
184,-184445235,2,50,30,1,5
186,-184432889,2,50,30,1,13
188,-184419603,2,50,30,2,9
190,-184396572,2,50,30,3,5
192,-184378977,2,50,30,3,13
194,-184361996,2,50,40,0,9
196,-184361677,2,50,40,1,5
198,-184348018,2,50,40,1,13
200,-184330434,2,50,40,2,9
202,-184315170,2,50,40,3,5
204,-184291323,2,50,40,3,13
206,-184273412,2,50,50,0,9
208,-184273190,2,50,50,1,5
210,-184247509,2,50,50,1,13
212,-184229492,2,50,50,2,9
214,-184207582,2,50,50,3,5
216,-184195739,2,50,50,3,13
218,-184167743,3,50,0,0,9
220,-184167439,3,50,0,1,5
222,-184163558,3,50,0,1,13
224,-184161958,3,50,0,2,9
226,-184156679,3,50,0,3,5
228,-184154249,3,50,0,3,13
230,-184152169,3,50,10,0,9
232,-184151951,3,50,10,1,5
234,-184143728,3,50,10,1,13
236,-184136211,3,50,10,2,9
238,-184122415,3,50,10,3,5
240,-184117054,3,50,10,3,13
242,-184110507,3,50,20,0,9
244,-184110307,3,50,20,1,5
246,-184096731,3,50,20,1,13
248,-184086785,3,50,20,2,9
250,-184074150,3,50,20,3,5
252,-184055320,3,50,20,3,13
254,-184042372,3,50,30,0,9
256,-184042128,3,50,30,1,5
258,-184029740,3,50,30,1,13
260,-184015156,3,50,30,2,9
262,-183986898,3,50,30,3,5
264,-183968399,3,50,30,3,13
266,-183951676,3,50,40,0,9
268,-183951237,3,50,40,1,5
270,-183925399,3,50,40,1,13
272,-183898872,3,50,40,2,9
274,-183853857,3,50,40,3,5
276,-183817552,3,50,40,3,13
278,-183779978,3,50,50,0,9
280,-183779646,3,50,50,1,5
282,-183749504,3,50,50,1,13
284,-183727776,3,50,50,2,9
286,-183689143,3,50,50,3,5
288,-183659867,3,50,50,3,13
290,-183591254,4,50,0,0,9
292,-183590640,4,50,0,1,5
294,-183585459,4,50,0,1,13
296,-183580696,4,50,0,2,9
298,-183571392,4,50,0,3,5
300,-183567839,4,50,0,3,13
302,-183561063,4,50,10,0,9
304,-183560626,4,50,10,1,5
306,-183547124,4,50,10,1,13
308,-183529881,4,50,10,2,9
310,-183509237,4,50,10,3,5
312,-183495059,4,50,10,3,13
314,-183473915,4,50,20,0,9
316,-183473424,4,50,20,1,5
318,-183453383,4,50,20,1,13
320,-183418994,4,50,20,2,9
322,-183379957,4,50,20,3,5
324,-183357628,4,50,20,3,13
326,-183328432,4,50,30,0,9
328,-183327870,4,50,30,1,5
330,-183302823,4,50,30,1,13
332,-183246894,4,50,30,2,9
334,-183196525,4,50,30,3,5
336,-183160321,4,50,30,3,13
338,-183109149,4,50,40,0,9
340,-183108755,4,50,40,1,5
342,-183069969,4,50,40,1,13
344,-182996226,4,50,40,2,9
346,-182924582,4,50,40,3,5
348,-182888789,4,50,40,3,13
350,-182808041,4,50,50,0,9
352,-182807520,4,50,50,1,5
354,-182757254,4,50,50,1,13
356,-182686554,4,50,50,2,9
358,-182624873,4,50,50,3,5
360,-182567136,4,50,50,3,13
362,-182498388,5,50,0,0,9
364,-182497717,5,50,0,1,5
366,-182492773,5,50,0,1,13
368,-182484775,5,50,0,2,9
370,-182469410,5,50,0,3,5
372,-182464136,5,50,0,3,13
374,-182455504,5,50,10,0,9
376,-182455003,5,50,10,1,5
378,-182441703,5,50,10,1,13
380,-182419233,5,50,10,2,9
382,-182391754,5,50,10,3,5
384,-182378095,5,50,10,3,13
386,-182356611,5,50,20,0,9
388,-182356227,5,50,20,1,5
390,-182329308,5,50,20,1,13
392,-182270285,5,50,20,2,9
394,-182233530,5,50,20,3,5
396,-182202908,5,50,20,3,13
398,-182169304,5,50,30,0,9
400,-182168897,5,50,30,1,5
402,-182129353,5,50,30,1,13
404,-182058687,5,50,30,2,9
406,-182001878,5,50,30,3,5
408,-181964453,5,50,30,3,13
410,-181883291,5,50,40,0,9
412,-181882722,5,50,40,1,5
414,-181827874,5,50,40,1,13
416,-181739918,5,50,40,2,9
418,-181649966,5,50,40,3,5
420,-181598184,5,50,40,3,13
422,-181526958,5,50,50,0,9
424,-181526296,5,50,50,1,5
426,-181456758,5,50,50,1,13
428,-181332972,5,50,50,2,9
430,-181249339,5,50,50,3,5
432,-181199424,5,50,50,3,13
