"run","randomSeed","shapeType","gridSize","noise","sharingType","edgeOfComm"
1,-593846102,0,50,0,0,5
3,-593845739,0,50,0,0,13
5,-593845567,0,50,0,1,9
7,-593845001,0,50,0,2,5
9,-593843865,0,50,0,2,13
11,-593842865,0,50,0,3,9
13,-593842416,0,50,10,0,5
15,-593842314,0,50,10,0,13
17,-593842228,0,50,10,1,9
19,-593840297,0,50,10,2,5
21,-593838559,0,50,10,2,13
23,-593837213,0,50,10,3,9
25,-593834512,0,50,20,0,5
27,-593834427,0,50,20,0,13
29,-593834333,0,50,20,1,9
31,-593831766,0,50,20,2,5
33,-593828407,0,50,20,2,13
35,-593824334,0,50,20,3,9
37,-593820884,0,50,30,0,5
39,-593820770,0,50,30,0,13
41,-593820729,0,50,30,1,9
43,-593817308,0,50,30,2,5
45,-593815008,0,50,30,2,13
47,-593810869,0,50,30,3,9
49,-593807776,0,50,40,0,5
51,-593807651,0,50,40,0,13
53,-593807551,0,50,40,1,9
55,-593802564,0,50,40,2,5
57,-593795716,0,50,40,2,13
59,-593789814,0,50,40,3,9
61,-593781625,0,50,50,0,5
63,-593781556,0,50,50,0,13
65,-593781464,0,50,50,1,9
67,-593772871,0,50,50,2,5
69,-593768674,0,50,50,2,13
71,-593765975,0,50,50,3,9
73,-593759487,1,50,0,0,5
75,-593759063,1,50,0,0,13
77,-593758792,1,50,0,1,9
79,-593755141,1,50,0,2,5
81,-593751361,1,50,0,2,13
83,-593747105,1,50,0,3,9
85,-593742846,1,50,10,0,5
87,-593742495,1,50,10,0,13
89,-593742248,1,50,10,1,9
91,-593733986,1,50,10,2,5
93,-593721867,1,50,10,2,13
95,-593711650,1,50,10,3,9
97,-593704798,1,50,20,0,5
99,-593704535,1,50,20,0,13
101,-593704241,1,50,20,1,9
103,-593690742,1,50,20,2,5
105,-593677142,1,50,20,2,13
107,-593662865,1,50,20,3,9
109,-593652426,1,50,30,0,5
111,-593651986,1,50,30,0,13
113,-593651721,1,50,30,1,9
115,-593632611,1,50,30,2,5
117,-593611843,1,50,30,2,13
119,-593593867,1,50,30,3,9
121,-593576779,1,50,40,0,5
123,-593576411,1,50,40,0,13
125,-593576127,1,50,40,1,9
127,-593551258,1,50,40,2,5
129,-593533573,1,50,40,2,13
131,-593503207,1,50,40,3,9
133,-593456013,1,50,50,0,5
135,-593455622,1,50,50,0,13
137,-593455388,1,50,50,1,9
139,-593426363,1,50,50,2,5
141,-593402660,1,50,50,2,13
143,-593366029,1,50,50,3,9
145,-593337042,2,50,0,0,5
147,-593336860,2,50,0,0,13
149,-593336684,2,50,0,1,9
151,-593334182,2,50,0,2,5
153,-593331592,2,50,0,2,13
155,-593328624,2,50,0,3,9
157,-593325369,2,50,10,0,5
159,-593325083,2,50,10,0,13
161,-593324875,2,50,10,1,9
163,-593314976,2,50,10,2,5
165,-593307318,2,50,10,2,13
167,-593301475,2,50,10,3,9
169,-593297546,2,50,20,0,5
171,-593297383,2,50,20,0,13
173,-593297166,2,50,20,1,9
175,-593286696,2,50,20,2,5
177,-593275323,2,50,20,2,13
179,-593265744,2,50,20,3,9
181,-593256264,2,50,30,0,5
183,-593255877,2,50,30,0,13
185,-593255694,2,50,30,1,9
187,-593245081,2,50,30,2,5
189,-593233755,2,50,30,2,13
191,-593225100,2,50,30,3,9
193,-593213092,2,50,40,0,5
195,-593212846,2,50,40,0,13
197,-593212639,2,50,40,1,9
199,-593185141,2,50,40,2,5
201,-593164180,2,50,40,2,13
203,-593143932,2,50,40,3,9
205,-593117513,2,50,50,0,5
207,-593117273,2,50,50,0,13
209,-593117098,2,50,50,1,9
211,-593097516,2,50,50,2,5
213,-593083331,2,50,50,2,13
215,-593065853,2,50,50,3,9
217,-593034846,3,50,0,0,5
219,-593034446,3,50,0,0,13
221,-593034177,3,50,0,1,9
223,-593030573,3,50,0,2,5
225,-593025883,3,50,0,2,13
227,-593020924,3,50,0,3,9
229,-593018069,3,50,10,0,5
231,-593017725,3,50,10,0,13
233,-593017515,3,50,10,1,9
235,-593008751,3,50,10,2,5
237,-593000432,3,50,10,2,13
239,-592992577,3,50,10,3,9
241,-592982683,3,50,20,0,5
243,-592982373,3,50,20,0,13
245,-592982094,3,50,20,1,9
247,-592962097,3,50,20,2,5
249,-592951848,3,50,20,2,13
251,-592938037,3,50,20,3,9
253,-592924830,3,50,30,0,5
255,-592924546,3,50,30,0,13
257,-592924304,3,50,30,1,9
259,-592917527,3,50,30,2,5
261,-592893760,3,50,30,2,13
263,-592877859,3,50,30,3,9
265,-592849311,3,50,40,0,5
267,-592848945,3,50,40,0,13
269,-592848684,3,50,40,1,9
271,-592821375,3,50,40,2,5
273,-592793686,3,50,40,2,13
275,-592746984,3,50,40,3,9
277,-592707773,3,50,50,0,5
279,-592707580,3,50,50,0,13
281,-592707330,3,50,50,1,9
283,-592675281,3,50,50,2,5
285,-592642915,3,50,50,2,13
287,-592583988,3,50,50,3,9
289,-592544793,4,50,0,0,5
291,-592544196,4,50,0,0,13
293,-592543530,4,50,0,1,9
295,-592537989,4,50,0,2,5
297,-592530321,4,50,0,2,13
299,-592517410,4,50,0,3,9
301,-592511503,4,50,10,0,5
303,-592510833,4,50,10,0,13
305,-592510217,4,50,10,1,9
307,-592493055,4,50,10,2,5
309,-592477031,4,50,10,2,13
311,-592457255,4,50,10,3,9
313,-592442202,4,50,20,0,5
315,-592441483,4,50,20,0,13
317,-592441054,4,50,20,1,9
319,-592416301,4,50,20,2,5
321,-592396422,4,50,20,2,13
323,-592355964,4,50,20,3,9
325,-592323323,4,50,30,0,5
327,-592322702,4,50,30,0,13
329,-592322230,4,50,30,1,9
331,-592274022,4,50,30,2,5
333,-592243962,4,50,30,2,13
335,-592189687,4,50,30,3,9
337,-592147160,4,50,40,0,5
339,-592146635,4,50,40,0,13
341,-592146193,4,50,40,1,9
343,-592077321,4,50,40,2,5
345,-592039868,4,50,40,2,13
347,-591942495,4,50,40,3,9
349,-591889300,4,50,50,0,5
351,-591888814,4,50,50,0,13
353,-591888303,4,50,50,1,9
355,-591824863,4,50,50,2,5
357,-591774364,4,50,50,2,13
359,-591688262,4,50,50,3,9
361,-591578368,5,50,0,0,5
363,-591577430,5,50,0,0,13
365,-591576782,5,50,0,1,9
367,-591565664,5,50,0,2,5
369,-591555667,5,50,0,2,13
371,-591536929,5,50,0,3,9
373,-591526663,5,50,10,0,5
375,-591525960,5,50,10,0,13
377,-591525369,5,50,10,1,9
379,-591502213,5,50,10,2,5
381,-591478678,5,50,10,2,13
383,-591440379,5,50,10,3,9
385,-591409523,5,50,20,0,5
387,-591408325,5,50,20,0,13
389,-591407613,5,50,20,1,9
391,-591347972,5,50,20,2,5
393,-591314931,5,50,20,2,13
395,-591235107,5,50,20,3,9
397,-591172033,5,50,30,0,5
399,-591171131,5,50,30,0,13
401,-591170426,5,50,30,1,9
403,-591069944,5,50,30,2,5
405,-591016282,5,50,30,2,13
407,-590902387,5,50,30,3,9
409,-590810333,5,50,40,0,5
411,-590809465,5,50,40,0,13
413,-590808326,5,50,40,1,9
415,-590669202,5,50,40,2,5
417,-590595103,5,50,40,2,13
419,-590458468,5,50,40,3,9
421,-590317602,5,50,50,0,5
423,-590316590,5,50,50,0,13
425,-590315872,5,50,50,1,9
427,-590239557,5,50,50,2,5
429,-590168142,5,50,50,2,13
431,-589967135,5,50,50,3,9
2,-593846055,0,50,0,0,9
4,-593845754,0,50,0,1,5
6,-593844862,0,50,0,1,13
8,-593844286,0,50,0,2,9
10,-593843418,0,50,0,3,5
12,-593842899,0,50,0,3,13
14,-593842689,0,50,10,0,9
16,-593842599,0,50,10,1,5
18,-593840964,0,50,10,1,13
20,-593839263,0,50,10,2,9
22,-593837481,0,50,10,3,5
24,-593835544,0,50,10,3,13
26,-593832823,0,50,20,0,9
28,-593832764,0,50,20,1,5
30,-593829428,0,50,20,1,13
32,-593826714,0,50,20,2,9
34,-593824287,0,50,20,3,5
36,-593820288,0,50,20,3,13
38,-593817589,0,50,30,0,9
40,-593817516,0,50,30,1,5
42,-593813614,0,50,30,1,13
44,-593809863,0,50,30,2,9
46,-593807504,0,50,30,3,5
48,-593803182,0,50,30,3,13
50,-593798752,0,50,40,0,9
52,-593798674,0,50,40,1,5
54,-593794643,0,50,40,1,13
56,-593788489,0,50,40,2,9
58,-593783182,0,50,40,3,5
60,-593779450,0,50,40,3,13
62,-593772893,0,50,50,0,9
64,-593772804,0,50,50,1,5
66,-593765239,0,50,50,1,13
68,-593759819,0,50,50,2,9
70,-593753289,0,50,50,3,5
72,-593749169,0,50,50,3,13
74,-593741628,1,50,0,0,9
76,-593741238,1,50,0,1,5
78,-593739023,1,50,0,1,13
80,-593736168,1,50,0,2,9
82,-593732199,1,50,0,3,5
84,-593728758,1,50,0,3,13
86,-593726696,1,50,10,0,9
88,-593726455,1,50,10,1,5
90,-593716156,1,50,10,1,13
92,-593707026,1,50,10,2,9
94,-593697020,1,50,10,3,5
96,-593689839,1,50,10,3,13
98,-593680268,1,50,20,0,9
100,-593679787,1,50,20,1,5
102,-593665635,1,50,20,1,13
104,-593649132,1,50,20,2,9
106,-593636948,1,50,20,3,5
108,-593619955,1,50,20,3,13
110,-593606095,1,50,30,0,9
112,-593605858,1,50,30,1,5
114,-593581872,1,50,30,1,13
116,-593570116,1,50,30,2,9
118,-593552318,1,50,30,3,5
120,-593531535,1,50,30,3,13
122,-593503847,1,50,40,0,9
124,-593503629,1,50,40,1,5
126,-593476079,1,50,40,1,13
128,-593448747,1,50,40,2,9
130,-593421686,1,50,40,3,5
132,-593386422,1,50,40,3,13
134,-593364357,1,50,50,0,9
136,-593364082,1,50,50,1,5
138,-593330536,1,50,50,1,13
140,-593296773,1,50,50,2,9
142,-593265806,1,50,50,3,5
144,-593240669,1,50,50,3,13
146,-593195187,2,50,0,0,9
148,-593194847,2,50,0,1,5
150,-593192699,2,50,0,1,13
152,-593190019,2,50,0,2,9
154,-593187659,2,50,0,3,5
156,-593184598,2,50,0,3,13
158,-593182624,2,50,10,0,9
160,-593182302,2,50,10,1,5
162,-593176763,2,50,10,1,13
164,-593171295,2,50,10,2,9
166,-593166399,2,50,10,3,5
168,-593159096,2,50,10,3,13
170,-593152113,2,50,20,0,9
172,-593151849,2,50,20,1,5
174,-593138097,2,50,20,1,13
176,-593127345,2,50,20,2,9
178,-593113028,2,50,20,3,5
180,-593106478,2,50,20,3,13
182,-593098289,2,50,30,0,9
184,-593098039,2,50,30,1,5
186,-593080697,2,50,30,1,13
188,-593071301,2,50,30,2,9
190,-593064274,2,50,30,3,5
192,-593055888,2,50,30,3,13
194,-593047159,2,50,40,0,9
196,-593046963,2,50,40,1,5
198,-593026633,2,50,40,1,13
200,-593017436,2,50,40,2,9
202,-592989420,2,50,40,3,5
204,-592969565,2,50,40,3,13
206,-592949653,2,50,50,0,9
208,-592949329,2,50,50,1,5
210,-592921874,2,50,50,1,13
212,-592895223,2,50,50,2,9
214,-592877497,2,50,50,3,5
216,-592857655,2,50,50,3,13
218,-592829981,3,50,0,0,9
220,-592829804,3,50,0,1,5
222,-592827463,3,50,0,1,13
224,-592825339,3,50,0,2,9
226,-592821298,3,50,0,3,5
228,-592818599,3,50,0,3,13
230,-592817010,3,50,10,0,9
232,-592816615,3,50,10,1,5
234,-592809576,3,50,10,1,13
236,-592801212,3,50,10,2,9
238,-592785511,3,50,10,3,5
240,-592775173,3,50,10,3,13
242,-592767439,3,50,20,0,9
244,-592767177,3,50,20,1,5
246,-592754316,3,50,20,1,13
248,-592743322,3,50,20,2,9
250,-592727423,3,50,20,3,5
252,-592708861,3,50,20,3,13
254,-592692413,3,50,30,0,9
256,-592692199,3,50,30,1,5
258,-592681559,3,50,30,1,13
260,-592662851,3,50,30,2,9
262,-592635914,3,50,30,3,5
264,-592610149,3,50,30,3,13
266,-592597331,3,50,40,0,9
268,-592596894,3,50,40,1,5
270,-592568964,3,50,40,1,13
272,-592543101,3,50,40,2,9
274,-592510380,3,50,40,3,5
276,-592480057,3,50,40,3,13
278,-592456895,3,50,50,0,9
280,-592456536,3,50,50,1,5
282,-592426634,3,50,50,1,13
284,-592398517,3,50,50,2,9
286,-592365538,3,50,50,3,5
288,-592339888,3,50,50,3,13
290,-592309041,4,50,0,0,9
292,-592308425,4,50,0,1,5
294,-592303953,4,50,0,1,13
296,-592297158,4,50,0,2,9
298,-592287099,4,50,0,3,5
300,-592282642,4,50,0,3,13
302,-592276878,4,50,10,0,9
304,-592276226,4,50,10,1,5
306,-592263202,4,50,10,1,13
308,-592242938,4,50,10,2,9
310,-592219705,4,50,10,3,5
312,-592205877,4,50,10,3,13
314,-592181718,4,50,20,0,9
316,-592181146,4,50,20,1,5
318,-592158711,4,50,20,1,13
320,-592126330,4,50,20,2,9
322,-592097165,4,50,20,3,5
324,-592073493,4,50,20,3,13
326,-592028393,4,50,30,0,9
328,-592027861,4,50,30,1,5
330,-592000204,4,50,30,1,13
332,-591953112,4,50,30,2,9
334,-591914054,4,50,30,3,5
336,-591880631,4,50,30,3,13
338,-591836820,4,50,40,0,9
340,-591836366,4,50,40,1,5
342,-591792811,4,50,40,1,13
344,-591714897,4,50,40,2,9
346,-591647754,4,50,40,3,5
348,-591595018,4,50,40,3,13
350,-591488013,4,50,50,0,9
352,-591487518,4,50,50,1,5
354,-591435842,4,50,50,1,13
356,-591341993,4,50,50,2,9
358,-591211336,4,50,50,3,5
360,-591133924,4,50,50,3,13
362,-591046981,5,50,0,0,9
364,-591046154,5,50,0,1,5
366,-591038099,5,50,0,1,13
368,-591023333,5,50,0,2,9
370,-591001048,5,50,0,3,5
372,-590993267,5,50,0,3,13
374,-590978239,5,50,10,0,9
376,-590977511,5,50,10,1,5
378,-590950347,5,50,10,1,13
380,-590911696,5,50,10,2,9
382,-590859311,5,50,10,3,5
384,-590834525,5,50,10,3,13
386,-590791270,5,50,20,0,9
388,-590790337,5,50,20,1,5
390,-590760643,5,50,20,1,13
392,-590688942,5,50,20,2,9
394,-590631710,5,50,20,3,5
396,-590596950,5,50,20,3,13
398,-590550543,5,50,30,0,9
400,-590549818,5,50,30,1,5
402,-590517996,5,50,30,1,13
404,-590448997,5,50,30,2,9
406,-590367838,5,50,30,3,5
408,-590314674,5,50,30,3,13
410,-590223275,5,50,40,0,9
412,-590222578,5,50,40,1,5
414,-590166881,5,50,40,1,13
416,-590054650,5,50,40,2,9
418,-589983156,5,50,40,3,5
420,-589907763,5,50,40,3,13
422,-589795363,5,50,50,0,9
424,-589794613,5,50,50,1,5
426,-589733826,5,50,50,1,13
428,-589630419,5,50,50,2,9
430,-589527681,5,50,50,3,5
432,-589480576,5,50,50,3,13
